8.9884e-01
9.5081e-01
1.0190e+00
7.5150e-01
9.2886e-01
7.7760e-01
9.8173e-01
8.8399e-01
8.0615e-01
4.1860e-01
1.0288e+00
1.0156e+00
5.6500e-01
9.6591e-01
9.8838e-01
9.0574e-01
7.6207e-01
9.9774e-01
6.9981e-01
9.7373e-01
9.9564e-01
8.4369e-01
8.6079e-01
9.5392e-01
1.0069e+00
8.2183e-01
9.3073e-01
9.6062e-01
9.3357e-01
4.6985e-01
6.1230e-01
1.0218e+00
9.0125e-01
1.0320e+00
9.7915e-01
9.3730e-01
7.9086e-01
9.4719e-01
7.5441e-01
8.1338e-01
9.9229e-01
6.7325e-01
7.8515e-01
1.0221e+00
4.3396e-01
9.7549e-01
9.8835e-01
7.6671e-01
9.7102e-01
6.6862e-01
7.0605e-01
9.8625e-01
9.3927e-01
7.8888e-01
1.0083e+00
7.6767e-01
7.3652e-01
1.0214e+00
3.1897e-01
7.4641e-01
1.0180e+00
8.9852e-01
1.0036e+00
1.0046e+00
8.7545e-01
8.9073e-01
8.0568e-01
8.9740e-01
9.6363e-01
9.1336e-01
9.6229e-01
8.6274e-01
8.2239e-01
9.1148e-01
1.0193e+00
9.6988e-01
9.0044e-01
8.3210e-01
4.2356e-01
9.2464e-01
7.7169e-01
9.7093e-01
1.0046e+00
8.3186e-01
9.3891e-01
1.0269e+00
8.8359e-01
1.0051e+00
9.4210e-01
9.5118e-01
7.5131e-01
6.2036e-01
8.4203e-01
8.5925e-01
9.2325e-01
9.0857e-01
6.4771e-01
8.1556e-01
8.9113e-01
9.4783e-01
1.0296e+00
8.6252e-01
7.8822e-01
9.5192e-01
6.3870e-01
7.5073e-01
7.9808e-01
9.9607e-01
2.1344e-01
9.1858e-01
9.7728e-01
8.5969e-01
8.7657e-01
8.9328e-01
8.9808e-01
4.0672e-01
8.9459e-01
8.4235e-01
1.0182e+00
9.0417e-01
9.7839e-01
9.3325e-01
9.5608e-01
9.6356e-01
1.0079e+00
8.2782e-01
9.3112e-01
9.5056e-01
9.8456e-01
1.0210e+00
1.0228e+00
1.0290e+00
9.6743e-01
9.5002e-01
1.0212e+00
1.0281e+00
9.7172e-01
9.4302e-01
9.7075e-01
8.7598e-01
9.0941e-01
7.0313e-01
3.7445e-01
8.7150e-01
1.0192e+00
7.2376e-02
8.2912e-01
6.5138e-02
2.9977e-01
5.4899e-01
1.0145e+00
9.2060e-01
8.7150e-01
9.8680e-01
9.5033e-01
5.0129e-01
9.0883e-01
5.7453e-01
9.5081e-01
1.0044e+00
1.0085e+00
9.8840e-01
9.9922e-01
9.5608e-01
8.9759e-01
1.0067e+00
1.0073e+00
9.7324e-01
9.2460e-01
1.0298e+00
8.8399e-01
6.0784e-01
1.0068e+00
9.3664e-01
9.7761e-01
9.7369e-01
3.1897e-01
1.0145e+00
8.2782e-01
9.4783e-01
8.6218e-01
8.9113e-01
9.5987e-01
8.5701e-01
3.7011e-01
5.6500e-01
8.4203e-01
6.1610e-01
1.0010e+00
7.1316e-01
9.9350e-01
9.6713e-01
9.6591e-01
7.6408e-01
9.6992e-01
9.3073e-01
9.9712e-01
9.6988e-01
6.9598e-01
9.0763e-01
9.7075e-01
8.6252e-01
9.2950e-01
7.2891e-01
9.6984e-01
9.1286e-01
8.2461e-01
7.6565e-01
9.7618e-01
9.1148e-01
1.0023e+00
9.9611e-01
8.6866e-01
9.7807e-01
8.7629e-01
9.7939e-01
9.1663e-01
9.5405e-01
8.7533e-01
9.7792e-01
9.6792e-01
1.0004e+00
1.0186e+00
1.0051e+00
1.0270e+00
9.5731e-01
1.0107e+00
8.8845e-01
5.6127e-01
1.0180e+00
8.5969e-01
9.1506e-01
8.3486e-01
9.2559e-01
7.6671e-01
7.4083e-01
9.5432e-01
2.9150e-01
4.9379e-02
8.4361e-01
7.5150e-01
9.3927e-01
4.8540e-01
5.5187e-01
8.9852e-01
9.5078e-01
8.8631e-01
9.0125e-01
7.3938e-01
8.9919e-01
9.9267e-01
7.5803e-01
8.1024e-01
8.6338e-01
3.4896e-01
9.5196e-01
7.6207e-01
8.7296e-01
9.3692e-01
7.1889e-01
1.0098e+00
1.0046e+00
9.6113e-01
1.0120e+00
8.9744e-01
7.0969e-01
8.7051e-01
9.2034e-01
7.1708e-01
3.6737e-01
1.0046e+00
9.5002e-01
8.0833e-01
9.3912e-01
7.2806e-01
9.3583e-01
9.8636e-01
1.0251e+00
9.9087e-01
9.7866e-01
1.0044e+00
8.0799e-01
9.1914e-01
1.0251e+00
9.3325e-01
8.8646e-01
9.7986e-01
6.7529e-01
8.5767e-01
1.0182e+00
5.2023e-01
9.2886e-01
1.0212e+00
7.1413e-01
1.0281e+00
9.8165e-01
1.0266e+00
9.9908e-01
9.0574e-01
6.3882e-01
1.0133e+00
8.8359e-01
1.0204e+00
8.4235e-01
7.3321e-01
9.2034e-01
1.0112e+00
6.8591e-01
9.0673e-01
9.6980e-01
9.5804e-01
1.0023e+00
9.8416e-01
1.0270e+00
8.9884e-01
7.1413e-01
8.1936e-01
9.4233e-01
7.1316e-01
8.4875e-01
8.9740e-01
1.0144e+00
9.2427e-01
7.4096e-01
6.5371e-01
8.0005e-01
1.0309e+00
3.6737e-01
9.5405e-01
9.1133e-01
9.8625e-01
1.0066e+00
9.8200e-01
9.9205e-01
9.8766e-01
9.5771e-01
5.8307e-01
9.6307e-01
9.7986e-01
1.0069e+00
8.6252e-01
1.0002e+00
7.7603e-01
9.6655e-01
2.3809e-02
9.5752e-01
8.7634e-01
9.8155e-01
6.8952e-01
9.5803e-01
9.9492e-01
8.8737e-01
9.6988e-01
4.1607e-01
9.7915e-01
9.7258e-01
8.6167e-01
1.0228e+00
9.5731e-01
7.9746e-01
9.1663e-01
3.7445e-01
7.2543e-01
9.9564e-01
7.7535e-01
7.9217e-01
1.0204e+00
7.8852e-01
9.9756e-01
1.0204e+00
8.9919e-01
7.6328e-01
9.8665e-01
8.1969e-01
9.5033e-01
8.1260e-01
6.4424e-01
9.4250e-01
7.9896e-01
9.7801e-01
9.5754e-01
4.0672e-01
9.5705e-01
9.7761e-01
8.8110e-01
1.0243e+00
7.6650e-01
6.9981e-01
9.5608e-01
8.0536e-01
1.0072e+00
9.2886e-01
7.1702e-01
7.6928e-01
8.7201e-01
9.6624e-01
1.0185e+00
9.0763e-01
8.4808e-01
9.0417e-01
1.0168e+00
9.7245e-01
7.1749e-01
6.4255e-01
7.2376e-02
1.0230e+00
4.2356e-01
1.0274e+00
9.1286e-01
8.7016e-01
1.0278e+00
1.0133e+00
8.0186e-01
1.0076e+00
1.0212e+00
3.6821e-01
6.5714e-01
1.0073e+00
9.8153e-01
8.9759e-01
9.2294e-01
9.6471e-01
9.2464e-01
1.0285e+00
1.0192e+00
7.6408e-01
9.1512e-01
9.2880e-01
9.9229e-01
9.5070e-01
8.9450e-01
9.9026e-01
9.7970e-01
4.9901e-01
7.6207e-01
7.9491e-01
1.0003e+00
5.4890e-01
9.2755e-01
9.8669e-01
8.0516e-01
9.5392e-01
9.6881e-01
9.7407e-01
8.1319e-01
6.6862e-01
7.5131e-01
9.8438e-01
4.3396e-01
9.9350e-01
9.4682e-01
4.4116e-02
8.8552e-01
8.5168e-01
8.8110e-01
9.2464e-01
9.3073e-01
8.4361e-01
7.9086e-01
8.6800e-01
9.7407e-01
9.2563e-01
9.3112e-01
9.9607e-01
1.7412e-01
9.5002e-01
1.0127e+00
1.0163e+00
1.0309e+00
8.8737e-01
1.0167e+00
8.6338e-01
8.6218e-01
7.9808e-01
9.2294e-01
9.5033e-01
2.3858e-01
9.2494e-01
8.3186e-01
9.8200e-01
7.5978e-01
1.0065e+00
7.1181e-01
7.0313e-01
8.6922e-01
8.4875e-01
9.4783e-01
9.5118e-01
9.8904e-01
9.7942e-01
7.8890e-01
2.3809e-02
9.9205e-01
9.3927e-01
9.5031e-01
9.0328e-01
9.7986e-01
1.0185e+00
1.0190e+00
8.0002e-01
8.1556e-01
9.6216e-01
8.8359e-01
9.9611e-01
7.7603e-01
7.4641e-01
5.4890e-01
8.0145e-01
9.4476e-01
6.4636e-01
7.7760e-01
9.5830e-01
6.9264e-01
1.0156e+00
6.3821e-01
1.0182e+00
9.5862e-01
7.0415e-01
8.7696e-01
9.8840e-01
9.1512e-01
1.0085e+00
8.9758e-01
8.9313e-01
9.8339e-01
8.5939e-01
9.2035e-01
7.6671e-01
7.7376e-01
9.3901e-01
9.5056e-01
7.3553e-01
8.3136e-01
9.3526e-01
9.5990e-01
1.0079e+00
1.0281e+00
7.5803e-01
9.6038e-01
1.0047e+00
1.0041e+00
9.1506e-01
9.0546e-01
7.3573e-01
1.0190e+00
5.3361e-01
9.0274e-01
8.7395e-01
1.0189e+00
1.0290e+00
9.8153e-01
9.2427e-01
8.1936e-01
6.7352e-01
9.1286e-01
8.0615e-01
1.0280e+00
9.0928e-01
5.8374e-01
7.6408e-01
9.4210e-01
6.7451e-01
5.9093e-01
4.1298e-01
1.0067e+00
2.9717e-01
9.1860e-01
6.0645e-01
8.5682e-01
9.7172e-01
7.1749e-01
7.3148e-01
9.5337e-01
9.3357e-01
1.0023e+00
7.8822e-01
4.5120e-01
8.5808e-01
8.6442e-01
6.6150e-01
8.3736e-01
7.4677e-01
5.9122e-01
5.8868e-01
9.5978e-01
2.6389e-01
6.2708e-01
8.0536e-01
1.0180e+00
7.8562e-01
6.3658e-01
1.0027e+00
9.9789e-01
1.0083e+00
3.6737e-01
9.4250e-01
7.0989e-01
9.3400e-01
1.0269e+00
4.6985e-01
9.7258e-01
8.9808e-01
7.9362e-01
9.5118e-01
9.3112e-01
8.3861e-01
4.7799e-01
6.4771e-01
6.9162e-01
1.0067e+00
9.5771e-01
9.7728e-01
9.4093e-01
9.2563e-01
8.8037e-01
7.1181e-01
9.3927e-01
7.1751e-01
9.0274e-01
1.0107e+00
8.1741e-01
8.0312e-01
1.0103e+00
9.6315e-01
9.5804e-01
9.5432e-01
5.5187e-01
1.0231e+00
6.9821e-01
8.0190e-01
8.6922e-01
8.4203e-01
3.4896e-01
9.7258e-01
1.0269e+00
1.0060e+00
9.6388e-01
6.6351e-01
9.9129e-01
8.7598e-01
8.2059e-01
9.7866e-01
9.2060e-01
9.8680e-01
9.8185e-01
9.4924e-01
9.7479e-01
8.1028e-01
1.8991e-01
7.3331e-01
9.8753e-01
9.3730e-01
1.0166e+00
8.7665e-01
9.0376e-01
1.0231e+00
7.5441e-01
7.0017e-01
9.7986e-01
8.0510e-01
8.2461e-01
1.0115e+00
3.6737e-01
9.9245e-01
9.1869e-01
9.4239e-01
9.0752e-01
1.0190e+00
5.6536e-01
9.5392e-01
9.9087e-02
1.0145e+00
7.0415e-01
9.7020e-01
9.3526e-01
7.0044e-01
9.1282e-01
7.8333e-01
1.0063e+00
9.4095e-01
9.5033e-01
8.6338e-01
9.5448e-01
1.0073e+00
9.5002e-01
3.7011e-01
9.8635e-01
1.0203e+00
9.1613e-02
4.8540e-01
9.9378e-01
9.3406e-01
9.8200e-01
9.7369e-01
9.0959e-01
8.5581e-01
7.8451e-01
8.6687e-01
9.5803e-01
8.7183e-01
9.5031e-01
9.8339e-01
9.2827e-01
5.6500e-01
8.0145e-01
9.1074e-01
1.0051e+00
9.8240e-01
7.3095e-01
4.4364e-01
9.5405e-01
5.2280e-01
9.9908e-01
7.1889e-01
9.6984e-01
6.5415e-01
9.8099e-01
9.7490e-01
1.0167e+00
8.7696e-01
6.7687e-01
9.5405e-01
5.8868e-01
9.7761e-01
8.4875e-01
8.7598e-01
1.0023e+00
2.3858e-01
1.0296e+00
5.1792e-01
4.6740e-01
9.6356e-01
9.9756e-01
7.1413e-01
9.5056e-01
8.0866e-01
7.7603e-01
9.2864e-01
7.2806e-01
8.2239e-01
8.6640e-01
4.4523e-01
1.0068e+00
7.1346e-01
9.3912e-01
9.4476e-01
9.3519e-01
8.6866e-01
1.0100e+00
8.9852e-01
1.0253e+00
9.0574e-01
5.8374e-01
8.3923e-01
9.5782e-01
9.7407e-01
9.2445e-01
9.6161e-01
9.5705e-01
9.5133e-01
9.6713e-01
9.4302e-01
8.0900e-01
6.3857e-01
9.5415e-01
9.2427e-01
6.9981e-01
1.0190e+00
1.0163e+00
7.9650e-01
1.6228e-02
9.1273e-01
9.5705e-01
8.4869e-01
8.9759e-01
8.1587e-01
4.2264e-01
9.2822e-01
9.8416e-01
8.2096e-01
9.4719e-01
9.9356e-01
8.6958e-01
7.6701e-01
7.5096e-01
1.0218e+00
8.3831e-01
9.9026e-01
9.2894e-01
8.5682e-01
5.2280e-01
9.2258e-01
8.0536e-01
6.6150e-01
9.2755e-01
9.7986e-01
6.4771e-01
9.7853e-01
9.7942e-01
8.0186e-01
1.0012e+00
8.9459e-01
9.6038e-01
8.9407e-01
1.0065e+00
7.8562e-01
9.8636e-01
7.7197e-01
1.0107e+00
9.3996e-01
6.4424e-01
8.0225e-01
1.0136e+00
8.3736e-01
9.5192e-01
9.0741e-01
4.0672e-01
9.8835e-01
1.0050e+00
4.9379e-02
8.6687e-01
8.9101e-01
9.8085e-01
9.9423e-01
1.0076e+00
8.4506e-01
8.8174e-01
7.9172e-01
1.0146e+00
4.9855e-01
8.2782e-01
7.9933e-01
7.3321e-01
1.0069e+00
1.0184e+00
9.5987e-01
9.8368e-01
8.8345e-01
8.3186e-01
9.3368e-01
9.0752e-01
9.2211e-01
8.0186e-01
9.6062e-01
9.8905e-01
7.6690e-01
4.6935e-01
1.0046e+00
1.0180e+00
9.5603e-01
7.5131e-01
7.2410e-01
9.8155e-01
6.4255e-01
6.7352e-01
1.0274e+00
6.7687e-01
7.9899e-01
1.0204e+00
9.2494e-01
7.8092e-01
1.0065e+00
8.5472e-01
9.8153e-01
8.7091e-01
1.0228e+00
8.7195e-01
8.0190e-01
9.5099e-01
8.3268e-01
9.5461e-01
9.4568e-01
9.5990e-01
9.3575e-01
7.5441e-01
9.3664e-01
9.8388e-01
7.4109e-01
7.7376e-01
9.1133e-01
4.0420e-01
9.8766e-01
9.8438e-01
8.1587e-01
6.7529e-01
7.2376e-02
9.0044e-01
8.1319e-01
8.8359e-01
5.4899e-01
5.0801e-01
9.7044e-01
9.9929e-01
8.9073e-01
5.3086e-01
8.7201e-01
8.0303e-01
9.0041e-01
9.9774e-01
8.1552e-01
8.2348e-01
7.4198e-01
7.4432e-01
9.8032e-01
9.4396e-01
1.0204e+00
9.6494e-01
7.4124e-01
8.7665e-01
9.6014e-01
9.9922e-01
1.0281e+00
8.8982e-01
6.5138e-02
9.2303e-01
8.7880e-01
9.2755e-01
6.9417e-01
8.8631e-01
1.0166e+00
7.9650e-01
9.9378e-01
1.0051e+00
9.0857e-01
8.5767e-01
9.2927e-01
9.4719e-01
9.7659e-01
9.7044e-01
1.0270e+00
9.2445e-01
9.8669e-01
7.2806e-01
9.8165e-01
9.6307e-01
9.9492e-01
7.6701e-01
3.7011e-01
7.3938e-01
9.8256e-01
1.0218e+00
9.9423e-01
9.8091e-01
9.7939e-01
9.6792e-01
2.3858e-01
4.5120e-01
9.5099e-01
1.0066e+00
7.9086e-01
9.4250e-01
1.0221e+00
9.3357e-01
9.5705e-01
9.6984e-01
8.7195e-01
9.1031e-01
8.6922e-01
9.2827e-01
1.0189e+00
9.8905e-01
8.8190e-01
9.8464e-01
6.4771e-01
7.3148e-01
9.4307e-01
9.1512e-01
6.2708e-01
6.7529e-01
1.0136e+00
6.6877e-01
1.0192e+00
8.2782e-01
8.3136e-01
8.5183e-01
7.4641e-01
8.4881e-01
8.8037e-01
9.9557e-01
1.0182e+00
9.8426e-01
9.0763e-01
8.5808e-01
9.8904e-01
1.4704e-02
7.5150e-01
7.5555e-01
9.3400e-01
9.2333e-01
2.3809e-02
1.0126e+00
9.9830e-01
7.0044e-01
8.6348e-01
9.8665e-01
8.0978e-01
9.5771e-01
9.7343e-01
9.7211e-01
7.8287e-01
9.0376e-01
8.2239e-01
9.0375e-01
9.8636e-01
5.8374e-01
9.5608e-01
8.5925e-01
9.5731e-01
9.3519e-01
1.0031e+00
7.5622e-01
6.1973e-01
8.0005e-01
9.7728e-01
8.3480e-01
8.6531e-01
9.7093e-01
9.5862e-01
7.6691e-01
8.9789e-01
9.2427e-01
7.2702e-01
8.1562e-01
8.7464e-01
7.2376e-02
9.3030e-01
8.5644e-01
7.9808e-01
1.0148e+00
9.5987e-01
1.0018e+00
8.9403e-01
7.7169e-01
8.9715e-01
1.0309e+00
8.4402e-01
9.8835e-01
6.4424e-01
9.3325e-01
9.8158e-01
1.0145e+00
9.9993e-01
8.9374e-01
8.8100e-01
8.6274e-01
9.4924e-01
9.2822e-01
8.7634e-01
9.4682e-01
7.6089e-01
7.5500e-01
4.5590e-01
8.0002e-01
8.8646e-01
1.0046e+00
8.9759e-01
8.0510e-01
9.4233e-01
5.0801e-01
1.0280e+00
1.0151e+00
9.6471e-01
9.2510e-01
9.6038e-01
9.7942e-01
9.5031e-01
9.5920e-01
1.0269e+00
8.8631e-01
1.0051e+00
8.3861e-01
8.1024e-01
9.5608e-01
9.1846e-01
1.0298e+00
2.1344e-01
9.5822e-01
9.9607e-01
9.5081e-01
9.8474e-01
9.9929e-01
1.0144e+00
9.7373e-01
6.9082e-01
3.4896e-01
9.8099e-01
5.5423e-01
9.0376e-01
9.4568e-01
1.0204e+00
9.3544e-01
9.2886e-01
9.0763e-01
7.9491e-01
8.1562e-01
9.6984e-01
7.4096e-01
9.8635e-01
9.8838e-01
9.4142e-01
9.7044e-01
8.9740e-01
6.1973e-01
1.0176e+00
1.0170e+00
7.6328e-01
8.7705e-01
8.8345e-01
7.1702e-01
9.2294e-01
9.4682e-01
5.0129e-01
9.7792e-01
4.4364e-01
9.5392e-01
9.9278e-01
8.0615e-01
8.4235e-01
1.0069e+00
9.8153e-01
9.8766e-01
7.7197e-01
8.7296e-01
1.0193e+00
1.0050e+00
6.9598e-01
1.0209e+00
9.6988e-01
8.4369e-01
9.6591e-01
9.2755e-01
8.0510e-01
1.0066e+00
6.3907e-01
9.6792e-01
9.4210e-01
9.6363e-01
9.9583e-01
1.0098e+00
8.1587e-01
7.6650e-01
9.3325e-01
1.0036e+00
1.0072e+00
7.0313e-01
9.7939e-01
9.5118e-01
8.7880e-01
9.3991e-01
9.7075e-01
9.7866e-01
8.8110e-01
9.8840e-01
9.4158e-01
8.7464e-01
1.0171e+00
6.9198e-01
8.7634e-01
9.5862e-01
9.0082e-01
8.2832e-01
5.7453e-01
9.5705e-01
9.6483e-01
7.6671e-01
8.3486e-01
8.4808e-01
9.7356e-01
7.6767e-01
8.9919e-01
6.9488e-01
7.3878e-01
1.6228e-02
5.9122e-01
9.7853e-01
8.3709e-01
4.3396e-01
8.1741e-01
9.3017e-01
8.7195e-01
8.3136e-01
1.0041e+00
2.9977e-01
9.5031e-01
7.6928e-01
8.6218e-01
8.9744e-01
9.9558e-01
1.0128e+00
9.9229e-01
7.5487e-01
9.2510e-01
9.4976e-01
9.5771e-01
6.0784e-01
1.0148e+00
1.0204e+00
7.6089e-01
6.4424e-01
9.9583e-01
9.9423e-01
7.6207e-01
1.0107e+00
7.8250e-01
7.7552e-01
9.1286e-01
7.9896e-01
8.6800e-01
9.6547e-01
7.1749e-01
9.5974e-01
1.0186e+00
1.4704e-02
7.9491e-01
1.0079e+00
6.5371e-01
9.3996e-01
1.0193e+00
1.0120e+00
7.5803e-01
9.3406e-01
2.7629e-01
8.1519e-01
9.5705e-01
8.9884e-01
1.0163e+00
9.6356e-01
9.3238e-01
9.9564e-01
7.8444e-01
8.0145e-01
1.0253e+00
1.0051e+00
9.9774e-01
8.8737e-01
6.9767e-01
7.4124e-01
9.5782e-01
8.1319e-01
8.7705e-01
8.7533e-01
6.3658e-01
8.1936e-01
4.6985e-01
6.0784e-01
8.1865e-01
8.7634e-01
9.9132e-01
8.4361e-01
9.1133e-01
9.9351e-01
1.0194e+00
7.6408e-01
8.7598e-01
2.9631e-01
7.2702e-01
7.1316e-01
2.3809e-02
9.5731e-01
9.1336e-01
6.9417e-01
8.7665e-01
1.0123e+00
9.7797e-01
8.5701e-01
1.0180e+00
1.0051e+00
1.0012e+00
9.3544e-01
1.1598e-01
8.2392e-01
1.0214e+00
9.6216e-01
6.5714e-01
9.6229e-01
8.5168e-01
9.9908e-01
9.2211e-01
1.0221e+00
7.4677e-01
8.7880e-01
9.7700e-01
9.2035e-01
9.0348e-01
8.5767e-01
9.6113e-01
9.5056e-01
9.8158e-01
9.6388e-01
9.3017e-01
8.0853e-01
9.3357e-01
9.0941e-01
9.3030e-01
9.2494e-01
9.5192e-01
8.3497e-01
7.6701e-01
7.1708e-01
1.0136e+00
1.0027e+00
9.7560e-01
9.6205e-01
9.0883e-01
8.1562e-01
8.5591e-01
9.0857e-01
9.2215e-01
8.1587e-01
9.7728e-01
9.9087e-01
9.4858e-01
9.7245e-01
1.0156e+00
1.0044e+00
5.4890e-01
8.9744e-01
9.1148e-01
9.7659e-01
9.4250e-01
9.8838e-01
8.9810e-01
1.0168e+00
1.0176e+00
9.8665e-01
9.1858e-01
9.7356e-01
8.8359e-01
8.8399e-01
4.5590e-01
8.4402e-01
6.9981e-01
1.0290e+00
8.1338e-01
9.2460e-01
1.0190e+00
8.2530e-01
9.9350e-01
6.4636e-01
7.3767e-01
4.3931e-01
8.4506e-01
8.9919e-01
3.7445e-01
1.0168e+00
9.9492e-01
9.7942e-01
7.7603e-01
9.6307e-01
9.7728e-01
8.0145e-01
7.8890e-01
2.3809e-02
9.6881e-01
9.6145e-01
8.3497e-01
6.7352e-01
8.8359e-01
1.6228e-02
9.0546e-01
6.3821e-01
6.6578e-01
9.1033e-01
9.9922e-01
6.7451e-01
9.2822e-01
7.1181e-01
8.5360e-01
7.5555e-01
1.0221e+00
5.2280e-01
9.3544e-01
4.4435e-01
9.5731e-01
8.1627e-01
6.6351e-01
8.0312e-01
6.8952e-01
7.1971e-01
1.0167e+00
2.1532e-01
8.7016e-01
9.7797e-01
9.5461e-01
7.3553e-01
9.2733e-01
9.2034e-01
9.5196e-01
9.5118e-01
8.8110e-01
1.0063e+00
9.4924e-01
1.0274e+00
9.7302e-01
9.1336e-01
7.4083e-01
8.4869e-01
8.7051e-01
6.0645e-01
8.8191e-01
9.5987e-01
9.3238e-01
9.3951e-01
7.5487e-01
9.5978e-01
5.7453e-01
9.6113e-01
4.4364e-01
9.2325e-01
9.6624e-01
9.8200e-01
5.8374e-01
9.3575e-01
9.2445e-01
4.0420e-01
9.9485e-01
7.9177e-01
6.4424e-01
8.9852e-01
9.2880e-01
7.6690e-01
1.0091e+00
6.5371e-01
9.9993e-01
9.8665e-01
8.2096e-01
7.5803e-01
8.1556e-01
9.9132e-01
8.5925e-01
1.0251e+00
9.4210e-01
4.3396e-01
9.2905e-01
9.1858e-01
7.8250e-01
7.2376e-02
9.9607e-01
9.8099e-01
8.0510e-01
9.5056e-01
9.7807e-01
9.9087e-01
8.5939e-01
4.1860e-01
7.5978e-01
8.1024e-01
1.0210e+00
9.7931e-01
8.2530e-01
9.8483e-01
3.1897e-01
9.6164e-01
9.9686e-01
8.9403e-01
9.5033e-01
9.9557e-01
1.0098e+00
1.0170e+00
8.1552e-01
9.0574e-01
7.8822e-01
3.4896e-01
1.0107e+00
9.9267e-01
9.9847e-01
9.2090e-01
7.7552e-01
8.4808e-01
9.0928e-01
6.4162e-01
9.3996e-01
4.9901e-01
1.0182e+00
7.6671e-01
1.0087e+00
8.7545e-01
1.0123e+00
7.6928e-01
9.2211e-01
9.0430e-01
1.5979e-01
8.0568e-01
7.4124e-01
7.2543e-01
4.0672e-01
9.9712e-01
7.8092e-01
4.5120e-01
1.0073e+00
8.6687e-01
9.7373e-01
6.6351e-01
9.8680e-01
7.0415e-01
8.4869e-01
6.0645e-01
8.3497e-01
1.0044e+00
8.9808e-01
7.4124e-01
3.7445e-01
7.8764e-01
8.7448e-01
1.0296e+00
9.1512e-01
5.5187e-01
7.3573e-01
8.1908e-01
1.0050e+00
8.5644e-01
1.0168e+00
9.6315e-01
8.8191e-01
9.9229e-01
9.4924e-01
8.6167e-01
1.0230e+00
7.5487e-01
7.5555e-01
9.3891e-01
9.9953e-01
8.2183e-01
9.3406e-01
9.7302e-01
8.0190e-01
7.0969e-01
9.1914e-01
1.0231e+00
9.3664e-01
8.0853e-01
6.5138e-02
1.0163e+00
4.6985e-01
3.1897e-01
8.2173e-01
8.7880e-01
1.0075e+00
1.0280e+00
1.0024e+00
8.2461e-01
9.6229e-01
8.0615e-01
7.4677e-01
8.0312e-01
1.0031e+00
6.8591e-01
7.4091e-01
1.0010e+00
9.3325e-01
9.0752e-01
9.8659e-01
6.3882e-01
9.7931e-01
1.0127e+00
8.4808e-01
9.5081e-01
1.0107e+00
8.9852e-01
9.6547e-01
8.0186e-01
9.7343e-01
7.7760e-01
7.2702e-01
8.4402e-01
9.6216e-01
7.0605e-01
9.2460e-01
9.6881e-01
6.4001e-01
1.0269e+00
9.6880e-01
9.8158e-01
9.5056e-01
9.9026e-01
9.0041e-01
7.1413e-01
9.2905e-01
9.3519e-01
9.2035e-01
8.6348e-01
8.5808e-01
6.9767e-01
1.0204e+00
8.7696e-01
1.0068e+00
1.0076e+00
9.5461e-01
9.9922e-01
9.7853e-01
6.6862e-01
6.3821e-01
8.7533e-01
5.4890e-01
9.4833e-01
9.2427e-01
6.4771e-01
9.5002e-01
9.5608e-01
6.2036e-01
9.6988e-01
8.5168e-01
9.4250e-01
1.0238e+00
8.5682e-01
9.7659e-01
1.0298e+00
6.9488e-01
3.7011e-01
9.6992e-01
7.8250e-01
9.8099e-01
7.8515e-01
1.0192e+00
7.1181e-01
8.4085e-01
1.0041e+00
8.1562e-01
8.8244e-01
9.1133e-01
8.9073e-01
8.6218e-01
9.0062e-01
9.8904e-01
7.6767e-01
1.0085e+00
1.0065e+00
9.7939e-01
9.9756e-01
9.9132e-01
9.7761e-01
5.6500e-01
1.0280e+00
1.0051e+00
5.2023e-01
5.2762e-01
8.8982e-01
9.8925e-01
9.3996e-01
9.5033e-01
1.0034e+00
9.3901e-01
9.0417e-01
8.0853e-01
9.6216e-01
1.0069e+00
9.7369e-01
9.6792e-01
5.0899e-01
8.0145e-01
9.3519e-01
2.9977e-01
9.0928e-01
6.9488e-01
8.7150e-01
8.2096e-01
1.0298e+00
8.4875e-01
1.0266e+00
1.0204e+00
8.9759e-01
9.7172e-01
1.0127e+00
9.1336e-01
9.4924e-01
9.1969e-01
9.3017e-01
1.0046e+00
8.9073e-01
5.2762e-01
9.3575e-01
8.6866e-01
7.5803e-01
4.6935e-01
9.0752e-01
7.1316e-01
9.1987e-01
5.9093e-01
7.1606e-01
8.3831e-01
9.9830e-01
1.0091e+00
1.0190e+00
1.0238e+00
9.9485e-01
8.3969e-01
9.4568e-01
7.9086e-01
5.0801e-01
9.5752e-01
8.1627e-01
3.7011e-01
9.8032e-01
9.8158e-01
7.6691e-01
9.0375e-01
8.1865e-01
8.9403e-01
8.7561e-01
6.7529e-01
9.9356e-01
7.2806e-01
9.5804e-01
7.0989e-01
9.1663e-01
9.2445e-01
6.4636e-01
8.9789e-01
4.4364e-01
8.8345e-01
9.2905e-01
8.7448e-01
1.0163e+00
6.6877e-01
9.0348e-01
8.1936e-01
9.9026e-01
9.5002e-01
9.8754e-01
9.9774e-01
7.5622e-01
8.5644e-01
8.8737e-01
8.0002e-01
1.0073e+00
8.5694e-01
7.3553e-01
6.1894e-01
8.3486e-01
7.0313e-01
8.7665e-01
8.7545e-01
9.1336e-01
9.9423e-01
8.9884e-01
7.7603e-01
8.9808e-01
9.2427e-01
6.3870e-01
8.7696e-01
7.4539e-01
1.0190e+00
1.0005e+00
9.6471e-01
9.4302e-01
6.7352e-01
7.1346e-01
7.5487e-01
4.3931e-01
8.7705e-01
9.8838e-01
9.8483e-01
7.5978e-01
9.7659e-01
9.6494e-01
5.3361e-01
1.0259e+00
1.0166e+00
8.0312e-01
8.8631e-01
6.5371e-01
7.1708e-01
9.8456e-01
5.6500e-01
7.6671e-01
1.0270e+00
6.4636e-01
5.5491e-01
9.8835e-01
9.4858e-01
7.8852e-01
8.9852e-01
7.8444e-01
1.0046e+00
9.4719e-01
8.8037e-01
7.6650e-01
7.8890e-01
9.2559e-01
9.9129e-01
2.1344e-01
1.0238e+00
8.6531e-01
9.0857e-01
9.8091e-01
9.8625e-01
8.8345e-01
9.9830e-01
9.8214e-01
1.0185e+00
1.0098e+00
9.1282e-01
7.6691e-01
6.9767e-01
9.8339e-01
9.2060e-01
8.2782e-01
9.3912e-01
4.1607e-01
7.0044e-01
9.7853e-01
7.1316e-01
9.3342e-01
1.0180e+00
9.2494e-01
8.1519e-01
9.5754e-01
7.4096e-01
7.5803e-01
6.9598e-01
9.6113e-01
9.4250e-01
1.0046e+00
9.7348e-01
8.2096e-01
1.0171e+00
8.6866e-01
9.5099e-01
1.0031e+00
9.2215e-01
8.2832e-01
9.0752e-01
1.0288e+00
7.1889e-01
8.9101e-01
8.9919e-01
1.0221e+00
9.5804e-01
1.0182e+00
8.7634e-01
4.4335e-02
8.8110e-01
8.5767e-01
6.2036e-01
4.6935e-01
9.3238e-01
1.0144e+00
9.7942e-01
8.9759e-01
7.9491e-01
1.0024e+00
9.3357e-01
9.6014e-01
9.6512e-01
7.8822e-01
9.6147e-01
1.0107e+00
1.0228e+00
6.4771e-01
9.5990e-01
7.3652e-01
9.0574e-01
9.7549e-01
9.0770e-01
8.7880e-01
9.0062e-01
7.4641e-01
1.0123e+00
9.0417e-01
6.6578e-01
9.2294e-01
8.7880e-01
9.3073e-01
9.7862e-01
8.9740e-01
9.5830e-01
1.0170e+00
1.0012e+00
9.0044e-01
1.0196e+00
6.9342e-01
9.8665e-01
8.9919e-01
9.0883e-01
9.8680e-01
4.0672e-01
8.1865e-01
9.2303e-01
1.0238e+00
9.3891e-01
6.3870e-01
9.1860e-01
7.3767e-01
1.0288e+00
2.3809e-02
1.0228e+00
8.3430e-01
9.0574e-01
5.8374e-01
9.0062e-01
9.4158e-01
1.0185e+00
9.5771e-01
7.5150e-01
9.6038e-01
9.0274e-01
8.4808e-01
1.0230e+00
9.5603e-01
7.6767e-01
1.0107e+00
8.6922e-01
9.0917e-01
9.8339e-01
9.4142e-01
9.4210e-01
9.8173e-01
4.9901e-01
1.0192e+00
8.5808e-01
1.0034e+00
1.0044e+00
1.0190e+00
9.2886e-01
7.3573e-01
1.0010e+00
1.0226e+00
7.9172e-01
9.3112e-01
9.8456e-01
9.7348e-01
7.5989e-01
1.0243e+00
9.0136e-01
7.4677e-01
6.7687e-01
9.6062e-01
5.4899e-01
9.1969e-01
9.2445e-01
8.8345e-01
5.9054e-01
1.0190e+00
1.0004e+00
9.9026e-01
4.4435e-01
9.8635e-01
9.2427e-01
6.2036e-01
1.0212e+00
9.5920e-01
8.8110e-01
9.7866e-01
1.0024e+00
8.3969e-01
6.9264e-01
9.5608e-01
8.8244e-01
8.7629e-01
8.1908e-01
1.0278e+00
9.7369e-01
9.3730e-01
8.2392e-01
8.5701e-01
7.6089e-01
9.7245e-01
6.9598e-01
8.1562e-01
5.6500e-01
9.3406e-01
5.0801e-01
7.2963e-01
7.6690e-01
8.6167e-01
1.0005e+00
9.0951e-01
9.6229e-01
1.0281e+00
1.0051e+00
9.1858e-01
9.5002e-01
8.1260e-01
9.4239e-01
8.8191e-01
1.0079e+00
5.0129e-01
6.0125e-01
6.2708e-01
9.6216e-01
9.7807e-01
8.1519e-01
8.3709e-01
9.9774e-01
9.8426e-01
9.2733e-01
9.6388e-01
9.4302e-01
7.0313e-01
6.2658e-01
8.1741e-01
2.9150e-01
9.8905e-01
8.9403e-01
9.3519e-01
5.2280e-01
8.6454e-01
8.8646e-01
4.4335e-02
6.3882e-01
1.0046e+00
1.0051e+00
1.0228e+00
9.2796e-01
9.1074e-01
8.1338e-01
8.4883e-01
9.9789e-01
9.6062e-01
9.9350e-01
4.0994e-01
7.2543e-01
9.0245e-01
6.2468e-01
1.0168e+00
9.2733e-01
1.0036e+00
8.5581e-01
8.0025e-01
2.1037e-02
3.2911e-01
4.2493e-01
9.8509e-01
1.0204e+00
9.2460e-01
9.7102e-01
9.2994e-01
9.9588e-01
7.9362e-01
6.3821e-01
1.0002e+00
8.0303e-01
8.9769e-01
2.3809e-02
3.3910e-01
9.2510e-01
7.1749e-01
1.0307e+00
1.0184e+00
7.9177e-01
1.0113e+00
1.0309e+00
9.6547e-01
9.9712e-01
9.7324e-01
6.1449e-01
8.9810e-01
6.7687e-01
6.5371e-01
9.6984e-01
9.1233e-01
8.1768e-01
9.6516e-01
1.0136e+00
1.0047e+00
8.7448e-01
7.9217e-01
1.0080e+00
8.0900e-01
7.3831e-01
9.5681e-01
8.6838e-01
7.9650e-01
8.3334e-01
1.0156e+00
7.3878e-01
8.7979e-01
8.8212e-01
7.4133e-01
8.1990e-01
1.0214e+00
8.8918e-01
9.9485e-01
6.7529e-01
9.1513e-01
9.8711e-01
9.9557e-01
8.9459e-01
4.4523e-01
8.7051e-01
6.9162e-01
8.0866e-01
1.0290e+00
9.1313e-01
9.9482e-01
8.6104e-01
1.0151e+00
9.6502e-01
9.6376e-01
7.5744e-01
9.0097e-01
7.7843e-01
9.4302e-01
1.0134e+00
8.2183e-01
9.3927e-01
2.3858e-01
8.7427e-01
9.5910e-01
8.4182e-01
9.2313e-01
8.1825e-01
8.0312e-01
9.5987e-01
9.1637e-01
7.5150e-01
8.6442e-01
9.8155e-01
8.9789e-01
9.4942e-01
8.3677e-01
1.0251e+00
7.0911e-01
9.6537e-01
1.0044e+00
8.3923e-01
6.8591e-01
6.8952e-01
6.9979e-01
9.2034e-01
8.0134e-01
1.0100e+00
9.5752e-01
8.0186e-01
9.7213e-01
9.9225e-01
5.2762e-01
9.1512e-01
8.4808e-01
8.6640e-01
9.8636e-01
9.7447e-01
9.2085e-01
7.2841e-01
9.4675e-01
8.0282e-01
3.7445e-01
9.3607e-01
9.5002e-01
9.8256e-01
9.8659e-01
9.7659e-01
7.5500e-01
9.3415e-01
8.3210e-01
8.8851e-01
1.0192e+00
4.8064e-01
1.0034e+00
1.0103e+00
9.3575e-01
7.4539e-01
9.3368e-01
7.1316e-01
8.7839e-01
9.7792e-01
9.0094e-01
5.6602e-01
8.3497e-01
9.8032e-01
1.0065e+00
9.3406e-01
7.6650e-01
8.6079e-01
9.3692e-01
9.5337e-01
9.7093e-01
9.3030e-01
9.3912e-01
1.0075e+00
9.8680e-01
9.5862e-01
5.7453e-01
2.9150e-01
5.5187e-01
8.1338e-01
8.6921e-01
9.2090e-01
5.3361e-01
7.6690e-01
8.5969e-01
9.5705e-01
6.1230e-01
7.6408e-01
9.6038e-01
1.0186e+00
7.5978e-01
1.0136e+00
8.3497e-01
9.8754e-01
8.3383e-01
9.5754e-01
7.2963e-01
9.5099e-01
8.8646e-01
1.0251e+00
9.5432e-01
9.2886e-01
6.9417e-01
7.5803e-01
5.0801e-01
8.2782e-01
7.1346e-01
1.0204e+00
7.8092e-01
9.8838e-01
9.6113e-01
8.7880e-01
4.9901e-01
8.7657e-01
7.8562e-01
2.9977e-01
1.0031e+00
9.1726e-01
9.8925e-01
9.0857e-01
9.2445e-01
1.0278e+00
8.5701e-01
4.4435e-01
1.0243e+00
7.2543e-01
3.7445e-01
8.1587e-01
9.3664e-01
1.0012e+00
6.9598e-01
9.7343e-01
9.0375e-01
2.1532e-01
8.3969e-01
8.2348e-01
8.7533e-01
8.4203e-01
5.5491e-01
5.4899e-01
8.7696e-01
9.0673e-01
9.7373e-01
3.7011e-01
1.0044e+00
1.0194e+00
8.1552e-01
6.8833e-01
9.3323e-01
8.5694e-01
9.6516e-01
9.7348e-01
9.6147e-01
7.9086e-01
9.8625e-01
9.1286e-01
9.6984e-01
8.0615e-01
6.3857e-01
9.6980e-01
8.0853e-01
6.6877e-01
7.8515e-01
9.0546e-01
9.5070e-01
9.4210e-01
9.8754e-01
5.0801e-01
9.3227e-01
7.3321e-01
9.5752e-01
9.9830e-01
8.9374e-01
8.8174e-01
9.7801e-01
8.6079e-01
1.0136e+00
9.7258e-01
1.7412e-01
9.7761e-01
8.5497e-01
7.5744e-01
1.0010e+00
9.7044e-01
2.4203e-01
7.9086e-01
7.5555e-01
9.6537e-01
7.2300e-01
8.5694e-01
9.1846e-01
1.0148e+00
8.9234e-01
8.8244e-01
6.4685e-01
1.0067e+00
5.4899e-01
4.4335e-02
1.0050e+00
5.0598e-01
1.0280e+00
9.3112e-01
7.8822e-01
8.3210e-01
1.0024e+00
9.4214e-01
4.2493e-01
1.0027e+00
8.1028e-01
9.4833e-01
8.7448e-01
7.6408e-01
1.0050e+00
4.9290e-01
6.5138e-02
1.0186e+00
9.9482e-01
9.1512e-01
8.2782e-01
9.2060e-01
9.9482e-01
7.6328e-01
1.0251e+00
8.8359e-01
9.8625e-01
3.0693e-01
6.2015e-01
2.3858e-01
5.5423e-01
7.2734e-01
7.9650e-01
9.1031e-01
6.9162e-01
9.9669e-01
8.0025e-01
8.1936e-01
8.3186e-01
8.8110e-01
6.8952e-01
1.0320e+00
7.7603e-01
6.9417e-01
9.6038e-01
7.1377e-01
9.9558e-01
7.9919e-01
8.7195e-01
8.9852e-01
4.2698e-01
1.0030e+00
6.7529e-01
1.0290e+00
8.7427e-01
4.2356e-01
7.0553e-01
8.9919e-01
9.7761e-01
4.9379e-02
8.6948e-01
9.9356e-01
9.5705e-01
7.8764e-01
1.0018e+00
5.6127e-01
9.6145e-01
9.3335e-01
9.9087e-01
9.1860e-01
9.8636e-01
9.2460e-01
7.0553e-01
9.2886e-01
8.8613e-01
9.4210e-01
1.0194e+00
8.9374e-01
8.6866e-01
7.5978e-01
1.0010e+00
2.6389e-01
4.0672e-01
9.6376e-01
7.0806e-01
9.1528e-01
1.0036e+00
1.0098e+00
7.4299e-01
9.9694e-01
8.1093e-01
8.8191e-01
9.7700e-01
7.6690e-01
1.0280e+00
3.9894e-01
5.6602e-01
8.3486e-01
9.8091e-01
1.0204e+00
8.6104e-01
9.3936e-01
1.0044e+00
8.2832e-01
9.8091e-01
3.1897e-01
2.1344e-01
9.6161e-01
8.7201e-01
5.4899e-01
4.5120e-01
8.7951e-01
9.8665e-01
9.3342e-01
8.7696e-01
8.3969e-01
9.0348e-01
9.9847e-01
1.0168e+00
4.1607e-01
8.5615e-01
9.7728e-01
2.9977e-01
8.9715e-01
9.1987e-01
9.7479e-01
9.4233e-01
4.6740e-01
8.7464e-01
9.3017e-01
9.5392e-01
1.0210e+00
9.6984e-01
8.7183e-01
1.0171e+00
6.1610e-01
8.9789e-01
9.7807e-01
9.4675e-01
7.1749e-01
1.0044e+00
9.8085e-01
7.4677e-01
1.0221e+00
9.3073e-01
8.1546e-01
9.0770e-01
9.7839e-01
1.0298e+00
9.8464e-01
9.9423e-01
7.0415e-01
8.5701e-01
9.5002e-01
9.6164e-01
9.8925e-01
1.0167e+00
7.8764e-01
6.3907e-01
9.7428e-01
9.7211e-01
1.0210e+00
1.0185e+00
9.4573e-01
9.0574e-01
9.4095e-01
9.1148e-01
1.0209e+00
9.3270e-01
9.2494e-01
8.9758e-01
7.6701e-01
8.9459e-01
8.4875e-01
8.4369e-01
9.5752e-01
1.0133e+00
6.8591e-01
3.2911e-01
9.9240e-01
9.4858e-01
1.0140e+00
9.3186e-01
8.2530e-01
9.9129e-01
7.3553e-01
9.2258e-01
9.1914e-01
9.8925e-01
4.6935e-01
1.0070e+00
9.1513e-01
3.9894e-01
6.0125e-01
4.9379e-02
9.7853e-01
9.6062e-01
7.4641e-01
9.9908e-01
9.6062e-01
9.7866e-01
9.8153e-01
7.6565e-01
9.9356e-01
9.8368e-01
6.7687e-01
1.0069e+00
6.5714e-01
9.7631e-01
6.7352e-01
7.0221e-01
8.9459e-01
9.1860e-01
9.8669e-01
8.0510e-01
9.7093e-01
5.9122e-01
8.0853e-01
9.3991e-01
6.2658e-01
8.9884e-01
9.1726e-01
9.7172e-01
9.3607e-01
9.1375e-01
1.0278e+00
8.7839e-01
1.0076e+00
7.0044e-01
8.7296e-01
7.3321e-01
9.6881e-01
1.0192e+00
9.6624e-01
9.1663e-01
6.9981e-01
8.0005e-01
7.0969e-01
8.9810e-01
8.9810e-01
9.6376e-01
9.5830e-01
7.0605e-01
9.2035e-01
9.6356e-01
9.8483e-01
8.0853e-01
8.0065e-01
5.0899e-01
9.7939e-01
7.5989e-01
1.0046e+00
9.8840e-01
9.7213e-01
8.8989e-01
8.6800e-01
4.2264e-01
8.8737e-01
2.3858e-01
1.0296e+00
9.0692e-01
9.0274e-01
7.3095e-01
9.7490e-01
8.1153e-01
4.8064e-01
9.5978e-01
8.6167e-01
9.7245e-01
1.0127e+00
9.9611e-01
9.1506e-01
8.7201e-01
1.0251e+00
1.0067e+00
9.2961e-01
5.2280e-01
9.2950e-01
7.8250e-01
9.0044e-01
9.7853e-01
8.6079e-01
9.4476e-01
8.3258e-01
8.4492e-01
7.8333e-01
9.3030e-01
1.0112e+00
8.4235e-01
6.3882e-01
9.5803e-01
5.3086e-01
7.0313e-01
4.4116e-02
1.0148e+00
7.3652e-01
9.6881e-01
8.4238e-01
6.3821e-01
8.6167e-01
9.9694e-01
1.0217e+00
9.3951e-01
9.3519e-01
9.4396e-01
8.7233e-01
9.9356e-01
8.9715e-01
1.6228e-02
1.4704e-02
7.5989e-01
6.6877e-01
7.6328e-01
4.1860e-01
9.5754e-01
1.0320e+00
9.8032e-01
9.2333e-01
9.4250e-01
1.0259e+00
8.3430e-01
9.9993e-01
9.7258e-01
1.0262e+00
1.0280e+00
9.6483e-01
5.4890e-01
8.4875e-01
9.0245e-01
9.3912e-01
7.7169e-01
9.0574e-01
7.1749e-01
8.5969e-01
9.9378e-01
8.8851e-01
6.0784e-01
9.2325e-01
7.9808e-01
9.6490e-01
8.1552e-01
7.3321e-01
1.0050e+00
9.5033e-01
9.9557e-01
8.4361e-01
9.0770e-01
8.9810e-01
9.3238e-01
8.3186e-01
7.2702e-01
8.0190e-01
8.2461e-01
9.8388e-01
9.4210e-01
8.3210e-01
6.1894e-01
9.4142e-01
6.3907e-01
8.9789e-01
7.4539e-01
8.2051e-01
1.0126e+00
9.7324e-01
4.9901e-01
1.0182e+00
9.9278e-01
6.5714e-01
8.8845e-01
1.0051e+00
8.1587e-01
1.0069e+00
8.1741e-01
9.0136e-01
8.8883e-01
7.8852e-01
5.3361e-01
9.6516e-01
9.6792e-01
6.7352e-01
9.9712e-01
9.7700e-01
9.6216e-01
8.2782e-01
1.0243e+00
9.1506e-01
4.3396e-01
9.8665e-01
9.5782e-01
9.3112e-01
9.3400e-01
1.0190e+00
6.3857e-01
6.9488e-01
8.6338e-01
9.1969e-01
1.0231e+00
6.0125e-01
7.9217e-01
8.7634e-01
9.0763e-01
3.7011e-01
9.5830e-01
8.4203e-01
9.4159e-01
5.2280e-01
9.0125e-01
9.5099e-01
9.2880e-01
1.0251e+00
9.3583e-01
7.9172e-01
6.7687e-01
1.0192e+00
8.8100e-01
9.4833e-01
8.5808e-01
1.0186e+00
9.1858e-01
6.8952e-01
9.8214e-01
8.6442e-01
9.7915e-01
7.8764e-01
6.4162e-01
9.0417e-01
9.7348e-01
8.7705e-01
9.2294e-01
9.0941e-01
4.5590e-01
1.0156e+00
8.9744e-01
9.5987e-01
8.3334e-01
8.9328e-01
4.6935e-01
6.9767e-01
9.6378e-01
9.6216e-01
8.7233e-01
9.8838e-01
8.8399e-01
4.6985e-01
6.5714e-01
8.9819e-01
9.8905e-01
6.0784e-01
9.3073e-01
8.7195e-01
1.0023e+00
9.9492e-01
7.8852e-01
7.7843e-01
8.2258e-01
3.0693e-01
8.0303e-01
8.5701e-01
9.4476e-01
6.3658e-01
7.7376e-01
5.0598e-01
4.9379e-02
4.9901e-01
9.8483e-01
8.9919e-01
1.0069e+00
9.6388e-01
8.6338e-01
9.3323e-01
9.0546e-01
1.0280e+00
9.0417e-01
9.4568e-01
9.7939e-01
8.9573e-01
7.5068e-01
1.0209e+00
6.4307e-01
9.1663e-01
9.7213e-01
1.0083e+00
9.7915e-01
9.2034e-01
9.6038e-01
8.2392e-01
6.4771e-01
8.7657e-01
7.0605e-01
3.2911e-01
1.0146e+00
7.6701e-01
9.7356e-01
4.9901e-01
8.3059e-01
9.7839e-01
8.4235e-01
7.7169e-01
9.5056e-01
9.3017e-01
8.7533e-01
9.7797e-01
9.9087e-02
8.1825e-01
8.7195e-01
9.1726e-01
9.4233e-01
7.3553e-01
8.7296e-01
4.2493e-01
9.2827e-01
7.6691e-01
8.7395e-01
1.0285e+00
9.4142e-01
8.4085e-01
7.6928e-01
9.2494e-01
1.0047e+00
5.6500e-01
9.0422e-01
7.5187e-01
9.8625e-01
1.0192e+00
9.5830e-01
8.9459e-01
1.0070e+00
7.0452e-01
3.6821e-01
9.7258e-01
8.8191e-01
7.7425e-01
9.6216e-01
8.3136e-01
9.3519e-01
3.7011e-01
8.9374e-01
7.3321e-01
9.4095e-01
6.7529e-01
8.1768e-01
1.0126e+00
9.5031e-01
7.4124e-01
9.4799e-01
9.7093e-01
6.5138e-02
7.5150e-01
7.5441e-01
8.3186e-01
9.3112e-01
9.3270e-01
1.0144e+00
9.7971e-01
1.0203e+00
1.0192e+00
7.3765e-01
9.6980e-01
7.9808e-01
5.5423e-01
7.9362e-01
1.0196e+00
8.9758e-01
9.3912e-01
8.2782e-01
8.7629e-01
7.4736e-01
7.6207e-01
9.4719e-01
8.1519e-01
9.6376e-01
5.5491e-01
7.0415e-01
9.7373e-01
9.6881e-01
1.0034e+00
9.3544e-01
9.0245e-01
9.9564e-01
5.7634e-01
9.5192e-01
9.1506e-01
8.4361e-01
8.6531e-01
1.0167e+00
1.0157e+00
7.8333e-01
1.0120e+00
9.6205e-01
3.2911e-01
7.1413e-01
9.4159e-01
9.1846e-01
2.3809e-02
5.9093e-01
6.9488e-01
8.8359e-01
9.4783e-01
8.8845e-01
5.5187e-01
8.4402e-01
1.0269e+00
7.5978e-01
8.2832e-01
9.0136e-01
9.0274e-01
9.8438e-01
9.9029e-01
9.4307e-01
5.0899e-01
9.7939e-01
8.6687e-01
8.7561e-01
1.0182e+00
8.0219e-01
2.1344e-01
1.0067e+00
9.6988e-01
1.0145e+00
1.0151e+00
2.9150e-01
9.4302e-01
5.3086e-01
8.5767e-01
7.3767e-01
9.0328e-01
1.0050e+00
9.5527e-01
7.0313e-01
8.8982e-01
4.5590e-01
9.3400e-01
5.7453e-01
8.8851e-01
9.1512e-01
9.0328e-01
9.5705e-01
8.1627e-01
6.9598e-01
9.2886e-01
7.6650e-01
9.7862e-01
9.2211e-01
8.1260e-01
9.9351e-01
1.0123e+00
4.6935e-01
7.5989e-01
9.6471e-01
9.8165e-01
9.2755e-01
8.8737e-01
9.1858e-01
9.8091e-01
3.7445e-01
9.6881e-01
9.5822e-01
9.4924e-01
9.1282e-01
2.7629e-01
9.0274e-01
6.3857e-01
7.6691e-01
8.7395e-01
9.4307e-01
6.9342e-01
8.4402e-01
9.9607e-01
9.8200e-01
9.1914e-01
8.5497e-01
7.6671e-01
8.7296e-01
9.8669e-01
9.2880e-01
9.0928e-01
9.2950e-01
7.2963e-01
2.3809e-02
9.7915e-01
9.4568e-01
8.3486e-01
8.3497e-01
9.4210e-01
7.8848e-01
1.0027e+00
9.7801e-01
8.1024e-01
7.1316e-01
9.9564e-01
8.8845e-01
8.9715e-01
8.7696e-01
9.1726e-01
8.8982e-01
7.4091e-01
8.4203e-01
8.7665e-01
9.4273e-01
6.0125e-01
1.0023e+00
8.4869e-01
7.4677e-01
4.4116e-02
1.0103e+00
7.3767e-01
9.0770e-01
8.2348e-01
5.8307e-01
1.0290e+00
8.5828e-01
1.0270e+00
1.0067e+00
1.0253e+00
8.1936e-01
9.7549e-01
5.3361e-01
9.7807e-01
9.7931e-01
9.5002e-01
9.0348e-01
9.9225e-01
9.6483e-01
8.2173e-01
1.0072e+00
8.9328e-01
9.0752e-01
9.5033e-01
9.2827e-01
6.7529e-01
7.1346e-01
6.7352e-01
9.6356e-01
6.3658e-01
4.9379e-02
7.0989e-01
7.9177e-01
9.0857e-01
1.0285e+00
9.0062e-01
6.6862e-01
3.6821e-01
8.6687e-01
8.7634e-01
6.3882e-01
7.9362e-01
3.1897e-01
1.0005e+00
8.0799e-01
4.5590e-01
9.7939e-01
1.0163e+00
7.3331e-01
8.7533e-01
9.9485e-01
1.0079e+00
9.0082e-01
8.6988e-01
1.0051e+00
9.6547e-01
1.0047e+00
4.6985e-01
3.4896e-01
9.8339e-01
1.0243e+00
7.0452e-01
7.1971e-01
4.1298e-01
8.5969e-01
8.8631e-01
6.9417e-01
1.0046e+00
1.0069e+00
9.5448e-01
1.0204e+00
1.0171e+00
9.6984e-01
1.0280e+00
1.0128e+00
8.5360e-01
1.0226e+00
9.3357e-01
7.5978e-01
8.9740e-01
7.1438e-01
9.6180e-01
1.0204e+00
9.6161e-01
9.3186e-01
8.1552e-01
1.0186e+00
9.9945e-01
7.2410e-01
1.0274e+00
8.9808e-01
9.8200e-01
7.4299e-01
9.5910e-01
9.8155e-01
7.3321e-01
9.7986e-01
9.5705e-01
8.8883e-01
1.0285e+00
4.7799e-01
5.2023e-01
9.0770e-01
1.0051e+00
1.0090e+00
1.0044e+00
8.8851e-01
7.7101e-01
1.0269e+00
6.4307e-01
9.8388e-01
5.6447e-01
9.7206e-01
5.6602e-01
7.4124e-01
9.3277e-01
7.6175e-01
1.0190e+00
7.4091e-01
9.7373e-01
9.8426e-01
9.1375e-01
5.5167e-01
7.8888e-01
7.7666e-01
7.9362e-01
7.5500e-01
7.7402e-01
9.2563e-01
1.0151e+00
9.9018e-01
8.3497e-01
6.9427e-01
9.8925e-01
1.0309e+00
9.7479e-01
9.5337e-01
8.2759e-01
7.7910e-01
9.5731e-01
9.0274e-01
7.5150e-01
8.6909e-01
8.3480e-01
7.3321e-01
9.2258e-01
9.5196e-01
1.0140e+00
9.7659e-01
6.5982e-01
9.3575e-01
1.0231e+00
9.6984e-01
1.0002e+00
9.8242e-01
1.0036e+00
5.6602e-01
6.3821e-01
9.4233e-01
9.1282e-01
8.7296e-01
9.7700e-01
7.8250e-01
8.2258e-01
8.0207e-01
9.2060e-01
6.4001e-01
8.7900e-01
9.0493e-01
8.3326e-01
9.1899e-01
9.1987e-01
9.5432e-01
9.5910e-01
8.4369e-01
1.0204e+00
7.7843e-01
8.3210e-01
1.0161e+00
9.5364e-01
7.1413e-01
8.8989e-01
2.1037e-02
6.9767e-01
8.5644e-01
8.6735e-01
8.3048e-01
7.8764e-01
1.0210e+00
9.1914e-01
1.0190e+00
9.7939e-01
7.4091e-01
9.3270e-01
9.6376e-01
7.3038e-01
7.8092e-01
9.0044e-01
7.6089e-01
9.9865e-01
9.6145e-01
1.0180e+00
1.0203e+00
9.7258e-01
8.7828e-01
9.8242e-01
7.7772e-01
8.9829e-01
7.0806e-01
7.6089e-01
8.7533e-01
9.1074e-01
8.8100e-01
6.1449e-01
8.9798e-01
9.7549e-01
7.8848e-01
1.0046e+00
9.9669e-01
1.0184e+00
8.2427e-01
9.4093e-01
9.7172e-01
9.5705e-01
8.8652e-01
1.0030e+00
8.1936e-01
9.6516e-01
9.7407e-01
9.3912e-01
9.7302e-01
1.0076e+00
9.6483e-01
9.7826e-01
6.2468e-01
9.2994e-01
8.1908e-01
9.5405e-01
7.4432e-01
9.7659e-01
9.6356e-01
8.4808e-01
8.0190e-01
8.3497e-01
1.0197e+00
9.3730e-01
1.0214e+00
7.3652e-01
6.5138e-02
9.2950e-01
6.7352e-01
3.1897e-01
8.7150e-01
8.7150e-01
8.9037e-01
7.5555e-01
9.9482e-01
9.5002e-01
7.2872e-01
1.0231e+00
4.4435e-01
4.6740e-01
8.0282e-01
8.9759e-01
7.9933e-01
1.0034e+00
7.7984e-01
9.8625e-01
9.6674e-01
8.0866e-01
7.5989e-01
8.7665e-01
9.7971e-01
9.2035e-01
8.7091e-01
1.0280e+00
8.6454e-01
4.2698e-01
7.9705e-01
9.1031e-01
9.3325e-01
8.9234e-01
8.0729e-01
8.9808e-01
9.9267e-01
7.5902e-01
9.8483e-01
9.6881e-01
7.0947e-01
8.8110e-01
8.3124e-01
9.8665e-01
9.4675e-01
9.4568e-01
1.0218e+00
1.0287e+00
8.4182e-01
1.0204e+00
9.5070e-01
6.3121e-01
3.1897e-01
6.2015e-01
2.7823e-01
9.0376e-01
6.7529e-01
8.0145e-01
9.7428e-01
9.7343e-01
7.8333e-01
1.0243e+00
8.9374e-01
9.6062e-01
9.6483e-01
9.8426e-01
5.3086e-01
6.9082e-01
2.6389e-01
8.9769e-01
9.3951e-01
9.9356e-01
6.9598e-01
6.5138e-02
9.9712e-01
9.6038e-01
7.9421e-01
9.4179e-01
8.7051e-01
9.9029e-01
5.2280e-01
8.3136e-01
9.6984e-01
9.8240e-01
9.8339e-01
9.7258e-01
7.6671e-01
7.1181e-01
8.9073e-01
8.8037e-01
9.8165e-01
7.9650e-01
8.7951e-01
8.8058e-01
9.6809e-01
9.1512e-01
6.2186e-01
8.2782e-01
9.3415e-01
6.3882e-01
8.9313e-01
2.3809e-02
5.7453e-01
8.5925e-01
9.0090e-01
9.9908e-01
9.0770e-01
8.2427e-01
5.4899e-01
9.7931e-01
8.6922e-01
9.1914e-01
1.0216e+00
9.8838e-01
8.6218e-01
5.3933e-01
9.8165e-01
7.5744e-01
8.4715e-01
9.2994e-01
9.8200e-01
8.1093e-01
9.9350e-01
9.2460e-01
6.5371e-01
1.0148e+00
8.9234e-01
6.2658e-01
5.7724e-01
9.3850e-01
9.5987e-01
9.9129e-01
8.1969e-01
9.2034e-01
1.0217e+00
9.0692e-01
4.4885e-01
8.3210e-01
8.7195e-01
9.9953e-01
6.9821e-01
6.4307e-01
5.0598e-01
1.0280e+00
3.4098e-01
7.0221e-01
9.9057e-01
7.7910e-01
9.7211e-01
4.4435e-01
7.4198e-01
8.8058e-01
9.6145e-01
9.1148e-01
8.8417e-01
7.5441e-01
9.8032e-01
7.3148e-01
9.7258e-01
1.0144e+00
4.9855e-01
7.4641e-01
5.2280e-01
1.0269e+00
1.0036e+00
9.9407e-01
7.4432e-01
9.5804e-01
8.3861e-01
8.2997e-01
1.0067e+00
7.9899e-01
9.1313e-01
9.2864e-01
8.6640e-01
1.6228e-02
9.6512e-01
4.4335e-02
8.5184e-01
4.5120e-01
8.3430e-01
9.4210e-01
9.8091e-01
9.9557e-01
8.3268e-01
9.0125e-01
1.0184e+00
7.1749e-01
9.7657e-01
9.4307e-01
9.6502e-01
9.8256e-01
1.0145e+00
1.0070e+00
4.8540e-01
9.8636e-01
7.7952e-01
1.0243e+00
1.0180e+00
6.9767e-01
6.1610e-01
8.1028e-01
8.7880e-01
8.1093e-01
7.3573e-01
9.6988e-01
9.4396e-01
9.9120e-01
6.1973e-01
9.4799e-01
7.3321e-01
8.8989e-01
5.4899e-01
8.3124e-01
8.5004e-01
6.9598e-01
9.2333e-01
9.2950e-01
8.8359e-01
9.6881e-01
7.9083e-01
9.2900e-01
8.2173e-01
9.2034e-01
7.8562e-01
6.3821e-01
9.9588e-01
9.0274e-01
5.6536e-01
9.0574e-01
9.5196e-01
1.0002e+00
4.7799e-01
8.1990e-01
8.1552e-01
8.4881e-01
7.7376e-01
9.7490e-01
7.0452e-01
8.3319e-01
8.2239e-01
2.6389e-01
9.9830e-01
9.7700e-01
4.6740e-01
9.5073e-01
8.4808e-01
9.5364e-01
9.1637e-01
1.0290e+00
9.8368e-01
1.0107e+00
6.8833e-01
9.7961e-01
8.7195e-01
9.7302e-01
8.7598e-01
7.4124e-01
1.0193e+00
8.3497e-01
7.2618e-01
9.4858e-01
1.0076e+00
8.2444e-01
9.3415e-01
8.3772e-01
8.5497e-01
7.5068e-01
9.5415e-01
7.7843e-01
7.2376e-02
8.9798e-01
8.5644e-01
8.9459e-01
9.0857e-01
9.8835e-01
9.7560e-01
9.0883e-01
6.2015e-01
8.7533e-01
9.3368e-01
9.0097e-01
5.9054e-01
8.9328e-01
6.2186e-01
7.8451e-01
9.2822e-01
9.1375e-01
6.6975e-01
1.0165e+00
8.7296e-01
8.9073e-01
5.6602e-01
1.0228e+00
5.3086e-01
1.8991e-01
9.4942e-01
5.6447e-01
9.8503e-01
8.4875e-01
8.9613e-01
9.6205e-01
8.5360e-01
9.9712e-01
6.8591e-01
9.2460e-01
5.3361e-01
8.4235e-01
3.0693e-01
6.2658e-01
7.2806e-01
9.7498e-01
9.7484e-01
1.0185e+00
8.0065e-01
9.3519e-01
1.0186e+00
9.4179e-01
7.5281e-01
8.6442e-01
9.0941e-01
6.3907e-01
9.5002e-01
9.0574e-01
1.0050e+00
1.0192e+00
1.0136e+00
6.9264e-01
6.9598e-01
9.4858e-01
9.4239e-01
9.8368e-01
8.8345e-01
6.3821e-01
8.2444e-01
8.8982e-01
6.2036e-01
9.1282e-01
8.8851e-01
7.3878e-01
1.0034e+00
8.0568e-01
4.4364e-01
9.2090e-01
6.9488e-01
8.3497e-01
8.7051e-01
1.0072e+00
8.3861e-01
6.1894e-01
9.5731e-01
9.4783e-01
8.2051e-01
5.5187e-01
1.0190e+00
1.0046e+00
7.8515e-01
1.0133e+00
7.7197e-01
9.4233e-01
9.0928e-01
9.7407e-01
1.0069e+00
9.5118e-01
7.6671e-01
9.8200e-01
7.9491e-01
9.0752e-01
8.2183e-01
9.6388e-01
1.0145e+00
1.0238e+00
9.5461e-01
8.6866e-01
1.0126e+00
9.8665e-01
7.0452e-01
9.5603e-01
8.2782e-01
9.4568e-01
1.0204e+00
9.8456e-01
5.8307e-01
8.6922e-01
8.7561e-01
8.8110e-01
1.0280e+00
9.3901e-01
5.6500e-01
9.8153e-01
5.9093e-01
8.1865e-01
9.8165e-01
9.2294e-01
7.7535e-01
6.2658e-01
1.0274e+00
4.9379e-02
9.9583e-01
9.4233e-01
9.2471e-01
8.2096e-01
9.7931e-01
8.4402e-01
3.7445e-01
8.2461e-01
9.9492e-01
9.3325e-01
1.0005e+00
1.0163e+00
9.9774e-01
9.8326e-01
9.8483e-01
1.0189e+00
4.6985e-01
9.8200e-01
6.7687e-01
7.2891e-01
8.6338e-01
8.9852e-01
8.8266e-01
9.8474e-01
8.5591e-01
9.5804e-01
6.6578e-01
8.9758e-01
9.3664e-01
9.5392e-01
8.9789e-01
6.3857e-01
9.5822e-01
5.9093e-01
8.3969e-01
9.2864e-01
9.2886e-01
1.0266e+00
8.6531e-01
8.4875e-01
1.0068e+00
5.7453e-01
9.7797e-01
7.3573e-01
1.0073e+00
9.5603e-01
2.7629e-01
9.3901e-01
8.2832e-01
9.6743e-01
7.1346e-01
1.0280e+00
7.5803e-01
8.0799e-01
7.5441e-01
1.0228e+00
9.9611e-01
8.4238e-01
9.7484e-01
9.8835e-01
1.0126e+00
8.8737e-01
1.0210e+00
9.9482e-01
6.9417e-01
1.1598e-01
8.4085e-01
6.4424e-01
9.9712e-01
8.8100e-01
7.8444e-01
1.0214e+00
7.7197e-01
7.5187e-01
8.0516e-01
5.0129e-01
9.0375e-01
1.0285e+00
7.9650e-01
8.3486e-01
8.1519e-01
9.0044e-01
9.6655e-01
1.0225e+00
1.0091e+00
9.5432e-01
9.9267e-01
9.5014e-01
9.1286e-01
1.0230e+00
8.9715e-01
9.6516e-01
2.1344e-01
8.7195e-01
9.5752e-01
9.7915e-01
8.1338e-01
8.0833e-01
7.0989e-01
4.9901e-01
9.9922e-01
7.2376e-02
6.9981e-01
9.8754e-01
9.6792e-01
8.6988e-01
8.1562e-01
8.4808e-01
1.0185e+00
9.0274e-01
9.1512e-01
7.5622e-01
9.9558e-01
6.9082e-01
1.0251e+00
9.6490e-01
8.3736e-01
3.4896e-01
8.3186e-01
1.0266e+00
1.0127e+00
9.7245e-01
8.1936e-01
1.0051e+00
8.9328e-01
1.0288e+00
5.8374e-01
9.0917e-01
9.7761e-01
2.1532e-01
9.8669e-01
6.3907e-01
8.2183e-01
1.0186e+00
7.5073e-01
8.9573e-01
8.4506e-01
8.8851e-01
7.9746e-01
4.8540e-01
9.6547e-01
9.3017e-01
8.0145e-01
1.0290e+00
9.8368e-01
9.0951e-01
1.0144e+00
8.7016e-01
9.3912e-01
6.1230e-01
1.0192e+00
9.6315e-01
6.9417e-01
6.4162e-01
8.7533e-01
5.9093e-01
4.4116e-02
8.0005e-01
9.1637e-01
9.3112e-01
9.6113e-01
9.2303e-01
8.9808e-01
8.6167e-01
6.8952e-01
9.3073e-01
1.0136e+00
7.1413e-01
9.9132e-01
4.2356e-01
5.0899e-01
1.0128e+00
9.4783e-01
9.7761e-01
7.6207e-01
8.7634e-01
1.0051e+00
8.7629e-01
7.3938e-01
4.3396e-01
8.0190e-01
9.9492e-01
1.0285e+00
9.3238e-01
8.0145e-01
1.0151e+00
1.0063e+00
6.8591e-01
9.9423e-01
1.0051e+00
1.0046e+00
9.9278e-01
9.9378e-01
7.0969e-01
8.5497e-01
9.5782e-01
9.7484e-01
8.2530e-01
9.9229e-01
9.6512e-01
1.0167e+00
9.8416e-01
9.5118e-01
6.5714e-01
9.7211e-01
1.0228e+00
8.2461e-01
4.0420e-01
9.2035e-01
8.7233e-01
8.0568e-01
9.8474e-01
9.0883e-01
5.2280e-01
7.8848e-01
6.9598e-01
8.9810e-01
8.1556e-01
9.6988e-01
9.7659e-01
1.0180e+00
8.7561e-01
4.6935e-01
5.5491e-01
8.0853e-01
9.2471e-01
9.6014e-01
2.9977e-01
9.4250e-01
9.3526e-01
1.0044e+00
9.5822e-01
1.0269e+00
9.5392e-01
8.1552e-01
2.1532e-01
1.0068e+00
9.3406e-01
9.4095e-01
1.0196e+00
7.9746e-01
9.0763e-01
1.0231e+00
9.5771e-01
7.5187e-01
8.4875e-01
6.4424e-01
8.5615e-01
7.9896e-01
8.4506e-01
1.0085e+00
1.0069e+00
8.4369e-01
6.6862e-01
1.0209e+00
9.7986e-01
1.0280e+00
1.0243e+00
8.6442e-01
8.4869e-01
6.9264e-01
6.4001e-01
9.1663e-01
1.0298e+00
7.0605e-01
1.0226e+00
7.8250e-01
8.3124e-01
4.6985e-01
7.4677e-01
9.6655e-01
8.5591e-01
1.0266e+00
8.5644e-01
8.1627e-01
8.2444e-01
8.7395e-01
9.0082e-01
6.2708e-01
8.7705e-01
9.9922e-01
7.3331e-01
7.3148e-01
1.0123e+00
9.5196e-01
9.7407e-01
1.0120e+00
9.8158e-01
8.5939e-01
9.8200e-01
1.0004e+00
9.6881e-01
1.0091e+00
1.0225e+00
1.0214e+00
1.0072e+00
9.2090e-01
7.6691e-01
2.3858e-01
9.6880e-01
9.3912e-01
9.1375e-01
9.5862e-01
8.8345e-01
9.7343e-01
9.6376e-01
8.6167e-01
1.0281e+00
7.3573e-01
8.2832e-01
9.1282e-01
8.6252e-01
1.0115e+00
4.1860e-01
9.9774e-01
9.6062e-01
9.9908e-01
1.0133e+00
9.7075e-01
6.9981e-01
7.0452e-01
1.0144e+00
9.2445e-01
3.7445e-01
9.9993e-01
8.4506e-01
8.2051e-01
8.9740e-01
1.0107e+00
7.2376e-02
5.6127e-01
9.2755e-01
1.5979e-01
7.1316e-01
9.9830e-01
9.3996e-01
1.0197e+00
9.4239e-01
1.0145e+00
1.0218e+00
7.6328e-01
7.3095e-01
4.4435e-01
9.1846e-01
9.2733e-01
1.0193e+00
9.7728e-01
8.1024e-01
9.7102e-01
8.7705e-01
6.6578e-01
4.3931e-01
6.3870e-01
9.0941e-01
1.0157e+00
1.0190e+00
6.5371e-01
9.8659e-01
7.0969e-01
9.5771e-01
8.1936e-01
1.0243e+00
1.0167e+00
8.9073e-01
7.5187e-01
5.3361e-01
1.0266e+00
9.3519e-01
9.8339e-01
9.9087e-02
9.3991e-01
8.0190e-01
1.0269e+00
9.4783e-01
9.6388e-01
9.7986e-01
9.0928e-01
7.4539e-01
9.6356e-01
9.8835e-01
8.5969e-01
7.6928e-01
7.9172e-01
8.3736e-01
9.8099e-01
9.1860e-01
6.4162e-01
9.8368e-01
9.8483e-01
9.6494e-01
1.0036e+00
1.0209e+00
9.3342e-01
9.6512e-01
9.5822e-01
9.1033e-01
4.4335e-02
9.5987e-01
9.8669e-01
5.3086e-01
7.4096e-01
8.0516e-01
9.4924e-01
7.1413e-01
9.7807e-01
8.0312e-01
9.0417e-01
9.9694e-01
1.0253e+00
7.3331e-01
9.6216e-01
9.3073e-01
1.0085e+00
8.9884e-01
8.8191e-01
7.5989e-01
9.7839e-01
7.4091e-01
6.9264e-01
9.5070e-01
9.6205e-01
9.1858e-01
8.7016e-01
9.9583e-01
8.6442e-01
9.8155e-01
9.3017e-01
9.7618e-01
9.2464e-01
1.0180e+00
8.6866e-01
8.1562e-01
6.7352e-01
9.7044e-01
9.0375e-01
9.8766e-01
4.6985e-01
8.6274e-01
8.6252e-01
7.3148e-01
9.9953e-01
7.7760e-01
3.4896e-01
7.5622e-01
9.4976e-01
7.3321e-01
9.2494e-01
9.8501e-01
6.3882e-01
4.0672e-01
1.0051e+00
9.5920e-01
8.1627e-01
9.7970e-01
9.7942e-01
2.9977e-01
9.6363e-01
9.2460e-01
7.0605e-01
8.0833e-01
9.6992e-01
9.5990e-01
9.5002e-01
9.5078e-01
1.0065e+00
9.7245e-01
9.0082e-01
8.6079e-01
6.9198e-01
8.9459e-01
9.4239e-01
3.7445e-01
1.0182e+00
8.7705e-01
5.8374e-01
1.0047e+00
6.8952e-01
7.3573e-01
8.3136e-01
9.6880e-01
9.4396e-01
8.5701e-01
5.9093e-01
4.6985e-01
1.0157e+00
6.9981e-01
7.8848e-01
7.8444e-01
9.2464e-01
9.7258e-01
1.0046e+00
9.3664e-01
8.1260e-01
9.8099e-01
7.5150e-01
7.3095e-01
9.3323e-01
9.0673e-01
7.1606e-01
1.0044e+00
9.3991e-01
7.4096e-01
9.1987e-01
8.7533e-01
8.9573e-01
6.5371e-01
1.0079e+00
5.0899e-01
9.5974e-01
8.7665e-01
7.9896e-01
8.7150e-01
9.4858e-01
9.2880e-01
8.9113e-01
7.3331e-01
9.8173e-01
1.0023e+00
6.1103e-01
9.3544e-01
3.6737e-01
1.0228e+00
5.3086e-01
8.9313e-01
9.7986e-01
1.0180e+00
8.5694e-01
8.6442e-01
8.8845e-01
7.6928e-01
6.7352e-01
7.0989e-01
8.9450e-01
9.2950e-01
9.2471e-01
9.5031e-01
9.5192e-01
9.6014e-01
8.3969e-01
1.0004e+00
9.1860e-01
7.9177e-01
8.4361e-01
7.8092e-01
7.6767e-01
9.7373e-01
9.7356e-01
1.0128e+00
9.1969e-01
8.1552e-01
9.2864e-01
8.0510e-01
1.0290e+00
9.9789e-01
6.0645e-01
9.9564e-01
7.6207e-01
8.7296e-01
7.7760e-01
1.0194e+00
9.7314e-01
9.6713e-01
2.1344e-01
1.0204e+00
9.3583e-01
8.0002e-01
9.3996e-01
1.0253e+00
8.8631e-01
8.6988e-01
9.9929e-01
9.7700e-01
9.1033e-01
9.1914e-01
9.0763e-01
1.0280e+00
7.3148e-01
8.0186e-01
9.6547e-01
1.0031e+00
9.0627e-01
1.0190e+00
9.5822e-01
9.3017e-01
9.3325e-01
8.6167e-01
4.2356e-01
8.0615e-01
8.4506e-01
5.2280e-01
6.7325e-01
1.0166e+00
6.7451e-01
8.6274e-01
9.0883e-01
8.2461e-01
9.6980e-01
7.5187e-01
7.6701e-01
8.7665e-01
1.0136e+00
8.6348e-01
8.5925e-01
1.0204e+00
1.0196e+00
9.8925e-01
8.3736e-01
6.3658e-01
1.0194e+00
9.6145e-01
9.6483e-01
1.0226e+00
9.3544e-01
6.7451e-01
9.8680e-01
8.2183e-01
9.6516e-01
6.4685e-01
9.8501e-01
9.8339e-01
9.6229e-01
6.2708e-01
9.8625e-01
7.4096e-01
8.8646e-01
1.0180e+00
8.6687e-01
1.0231e+00
1.0098e+00
9.6471e-01
9.2510e-01
8.8631e-01
9.4719e-01
8.5497e-01
7.6328e-01
7.7376e-01
9.5822e-01
9.9485e-01
9.6376e-01
1.0063e+00
7.9217e-01
9.9694e-01
9.6307e-01
9.8754e-01
7.6767e-01
8.0833e-01
9.2880e-01
7.7952e-01
1.0031e+00
9.7807e-01
8.9744e-01
1.0126e+00
7.5989e-01
1.0225e+00
7.0044e-01
8.1936e-01
7.3321e-01
3.6737e-01
9.6880e-01
9.9356e-01
1.0145e+00
9.4210e-01
9.6388e-01
1.0157e+00
8.5360e-01
7.3652e-01
9.1860e-01
1.0269e+00
5.5187e-01
9.8426e-01
9.7258e-01
8.4402e-01
1.0044e+00
9.6147e-01
9.4396e-01
1.0087e+00
8.9758e-01
7.9172e-01
1.0210e+00
7.5073e-01
9.9607e-01
7.7197e-01
9.7356e-01
8.7598e-01
9.5070e-01
9.5337e-01
9.5192e-01
9.1133e-01
1.0170e+00
2.7629e-01
9.9205e-01
7.8250e-01
8.5694e-01
9.8388e-01
9.4159e-01
1.0204e+00
8.9789e-01
8.8359e-01
9.7939e-01
1.0176e+00
8.6252e-01
4.1607e-01
8.8851e-01
9.5830e-01
9.7942e-01
4.8064e-01
8.6988e-01
8.7195e-01
9.2034e-01
9.0062e-01
8.4869e-01
4.0420e-01
9.9789e-01
9.8153e-01
9.2215e-01
9.9558e-01
9.6713e-01
6.4424e-01
1.0298e+00
9.6591e-01
1.0285e+00
7.0452e-01
7.6207e-01
5.7453e-01
1.0073e+00
9.1336e-01
8.2444e-01
1.0190e+00
9.5771e-01
8.1556e-01
8.5939e-01
6.5415e-01
8.3709e-01
9.3415e-01
3.0693e-01
9.2333e-01
1.0050e+00
9.3325e-01
6.8591e-01
9.7657e-01
9.8368e-01
9.7560e-01
8.6274e-01
9.3526e-01
9.2905e-01
1.0076e+00
8.5472e-01
7.4109e-01
9.5974e-01
9.3017e-01
9.5070e-01
6.5371e-01
1.0194e+00
9.1148e-01
9.8158e-01
4.1860e-01
9.9229e-01
1.0133e+00
9.2060e-01
7.9808e-01
9.4250e-01
9.4452e-01
3.4143e-01
8.4881e-01
8.3334e-01
8.1908e-01
9.7807e-01
1.0290e+00
9.3185e-01
9.7839e-01
7.6207e-01
9.8625e-01
8.2446e-01
6.8833e-01
6.8591e-01
8.7839e-01
9.6378e-01
1.0098e+00
6.3658e-01
9.4942e-01
9.8153e-01
4.7799e-01
9.5771e-01
7.7772e-01
9.0041e-01
9.4976e-01
1.0307e+00
6.9767e-01
1.0127e+00
9.4233e-01
1.0023e+00
4.1298e-01
1.0234e+00
9.6512e-01
7.0415e-01
8.5767e-01
7.6671e-01
5.0899e-01
8.1034e-01
9.3186e-01
8.2096e-01
6.2708e-01
9.2258e-01
6.1973e-01
8.6348e-01
1.0197e+00
9.6062e-01
5.7453e-01
7.9177e-01
8.7427e-01
9.5392e-01
9.5133e-01
1.0151e+00
9.5405e-01
1.0027e+00
9.7348e-01
7.1749e-01
7.5902e-01
7.1413e-01
7.8515e-01
8.0005e-01
8.9101e-01
9.0959e-01
7.5555e-01
6.9417e-01
9.7211e-01
9.1286e-01
1.0065e+00
1.0186e+00
9.3342e-01
7.5978e-01
6.0784e-01
7.9705e-01
9.5461e-01
3.9894e-01
5.2762e-01
1.0067e+00
8.7696e-01
1.0140e+00
8.8631e-01
9.0741e-01
1.0209e+00
9.0044e-01
9.5803e-01
8.9810e-01
1.0128e+00
1.0098e+00
7.2872e-01
7.7552e-01
1.0051e+00
7.0947e-01
9.4783e-01
9.5192e-01
9.2211e-01
1.0243e+00
7.2543e-01
7.4198e-01
9.0348e-01
8.5497e-01
1.0046e+00
5.7724e-01
8.2181e-01
8.8737e-01
1.0262e+00
4.4885e-01
8.6061e-01
5.0899e-01
9.2445e-01
9.6161e-01
8.6687e-01
6.9981e-01
9.2510e-01
5.7453e-01
8.9789e-01
8.7319e-01
9.0770e-01
1.0285e+00
1.0044e+00
4.5590e-01
9.7343e-01
7.5073e-01
7.5989e-01
3.7011e-01
1.0136e+00
7.8147e-01
1.0127e+00
9.7020e-01
9.4214e-01
1.0073e+00
9.0136e-01
3.7445e-01
8.8646e-01
1.0060e+00
4.9901e-01
9.7792e-01
9.2471e-01
5.8307e-01
9.2460e-01
8.7201e-01
1.0280e+00
8.1338e-01
8.2051e-01
9.5033e-01
9.9670e-01
9.8339e-01
9.9557e-01
9.7245e-01
9.5364e-01
8.7296e-01
9.9485e-01
7.4539e-01
9.0941e-01
8.0568e-01
7.0605e-01
9.7915e-01
8.8883e-01
8.9234e-01
8.6454e-01
9.9267e-01
9.9908e-01
9.4682e-01
1.0231e+00
7.7552e-01
1.0298e+00
9.3368e-01
8.0065e-01
1.0266e+00
8.8100e-01
1.0221e+00
9.2822e-01
8.7696e-01
8.1519e-01
9.3730e-01
5.9054e-01
9.7369e-01
1.0182e+00
1.0204e+00
7.6408e-01
9.6988e-01
8.4182e-01
9.4858e-01
1.0285e+00
9.6880e-01
1.0251e+00
9.4179e-01
7.9491e-01
9.9492e-01
8.8907e-01
5.0801e-01
7.6175e-01
9.8085e-01
8.0207e-01
9.8840e-01
9.2060e-01
8.0510e-01
9.2215e-01
6.3821e-01
9.9564e-01
8.5184e-01
8.5396e-01
9.7560e-01
1.0281e+00
9.4675e-01
7.1751e-01
3.0693e-01
9.1512e-01
1.0115e+00
9.6363e-01
7.8848e-01
9.0574e-01
6.8952e-01
5.4899e-01
9.0376e-01
9.7172e-01
9.0493e-01
9.2120e-01
9.3526e-01
9.0692e-01
1.0126e+00
9.7490e-01
9.9974e-01
5.5491e-01
6.9198e-01
3.6791e-01
9.6537e-01
7.9177e-01
7.1437e-01
1.0107e+00
2.1037e-02
8.0005e-01
8.9101e-01
9.8155e-01
9.6494e-01
8.9073e-01
8.9328e-01
9.6624e-01
9.7407e-01
4.4116e-02
1.0274e+00
9.8240e-01
9.2405e-01
7.4299e-01
1.0070e+00
8.6338e-01
1.0031e+00
7.8822e-01
7.3321e-01
8.4875e-01
1.0010e+00
7.3331e-01
4.8540e-01
5.5167e-01
9.5782e-01
9.7102e-01
9.9026e-01
1.0243e+00
1.0145e+00
8.5591e-01
8.6338e-01
8.1936e-01
8.6958e-01
7.5487e-01
8.5615e-01
7.3831e-01
7.7101e-01
9.2035e-01
1.0002e+00
8.8174e-01
9.6490e-01
9.4210e-01
8.3124e-01
9.2900e-01
7.8848e-01
8.5682e-01
9.8388e-01
9.5073e-01
8.2392e-01
3.9894e-01
9.1637e-01
1.6228e-02
9.7549e-01
7.4736e-01
8.7448e-01
9.5432e-01
1.0151e+00
9.5731e-01
8.5969e-01
9.3325e-01
8.0536e-01
8.0303e-01
1.0005e+00
6.6975e-01
9.4476e-01
7.1377e-01
8.7598e-01
1.0098e+00
9.7961e-01
9.4302e-01
9.3406e-01
9.7479e-01
4.4364e-01
9.9087e-01
1.0010e+00
9.2460e-01
9.6118e-01
4.9855e-01
9.9418e-01
8.2728e-01
4.4335e-02
9.4942e-01
7.9899e-01
4.4885e-01
6.4001e-01
9.8032e-01
4.5120e-01
1.0134e+00
8.8244e-01
8.6866e-01
9.8635e-01
9.8838e-01
9.8472e-01
7.5989e-01
1.0100e+00
7.9177e-01
8.6061e-01
1.0058e+00
3.4098e-01
8.0866e-01
1.0027e+00
1.2554e-01
1.0012e+00
8.4881e-01
1.0133e+00
6.5982e-01
5.3933e-01
9.8214e-01
1.0044e+00
8.1969e-01
8.0900e-01
9.4093e-01
7.9933e-01
9.0752e-01
7.4299e-01
7.6408e-01
4.8064e-01
8.0303e-01
8.2183e-01
9.2211e-01
9.9129e-01
9.6490e-01
9.9350e-01
1.0091e+00
8.7951e-01
1.0309e+00
7.9083e-01
9.9175e-01
9.5002e-01
8.0282e-01
8.0190e-01
9.3185e-01
1.0123e+00
9.9588e-01
6.9488e-01
8.7150e-01
9.2994e-01
8.5808e-01
7.4539e-01
1.0192e+00
9.6591e-01
9.7245e-01
7.4440e-01
9.9482e-01
8.7448e-01
1.0136e+00
5.6941e-01
6.6877e-01
8.0134e-01
8.9884e-01
9.1273e-01
8.9234e-01
1.0234e+00
8.8646e-01
1.0251e+00
9.4710e-01
9.9245e-01
9.3078e-01
1.0190e+00
9.4159e-01
6.6150e-01
9.5752e-01
9.9485e-01
9.2796e-01
9.0044e-01
5.0598e-01
8.9573e-01
9.7728e-01
1.0067e+00
6.9981e-01
8.7913e-01
9.4858e-01
5.3086e-01
8.8359e-01
1.0193e+00
4.9290e-01
7.6650e-01
8.0568e-01
7.5096e-01
7.5281e-01
9.1528e-01
8.1546e-01
8.9769e-01
8.5497e-01
9.4783e-01
8.6454e-01
9.0345e-01
9.3335e-01
9.3323e-01
2.3809e-02
8.9374e-01
8.4492e-01
9.3526e-01
8.1990e-01
8.8613e-01
7.6089e-01
7.4432e-01
8.4203e-01
1.0281e+00
8.7319e-01
8.0186e-01
9.0348e-01
9.0097e-01
1.0063e+00
9.0741e-01
8.3480e-01
5.6602e-01
9.0274e-01
6.4685e-01
5.6536e-01
9.5987e-01
1.0168e+00
8.8565e-01
9.5974e-01
1.0156e+00
1.0070e+00
8.3136e-01
1.0185e+00
5.6447e-01
9.6182e-01
8.3059e-01
9.3850e-01
9.6216e-01
9.6161e-01
9.8659e-01
8.3210e-01
6.9082e-01
4.5590e-01
7.9016e-01
9.7839e-01
8.3268e-01
1.1598e-01
3.4143e-01
1.0262e+00
9.6113e-01
6.9767e-01
9.2905e-01
9.5432e-01
8.8646e-01
1.0166e+00
9.6516e-01
8.2530e-01
8.3210e-01
9.9847e-01
8.5767e-01
7.6408e-01
9.2060e-01
6.3870e-01
1.0171e+00
6.9198e-01
8.7448e-01
6.6150e-01
9.2563e-01
1.0266e+00
1.0163e+00
9.0928e-01
9.6205e-01
6.6351e-01
6.4255e-01
9.5070e-01
1.0036e+00
9.6655e-01
1.0127e+00
9.6547e-01
8.2239e-01
1.0212e+00
9.5771e-01
6.5138e-02
9.8636e-01
1.0144e+00
9.6792e-01
9.5448e-01
8.3736e-01
8.5939e-01
3.7445e-01
9.3112e-01
1.0068e+00
8.7464e-01
6.4771e-01
7.5073e-01
9.8501e-01
9.3073e-01
9.7862e-01
7.4641e-01
1.0085e+00
9.5920e-01
9.8426e-01
8.5694e-01
7.2806e-01
9.2822e-01
9.6388e-01
7.9896e-01
8.9789e-01
1.0288e+00
8.0568e-01
9.8635e-01
9.0245e-01
1.4704e-02
8.6348e-01
7.6207e-01
8.7657e-01
9.2827e-01
1.0012e+00
8.3831e-01
9.0941e-01
1.0112e+00
4.0420e-01
6.1973e-01
2.3858e-01
8.3497e-01
9.7728e-01
4.3396e-01
9.6490e-01
8.9715e-01
9.9583e-01
1.0010e+00
9.9087e-01
9.5804e-01
9.6494e-01
9.9087e-02
9.5081e-01
9.7245e-01
9.9564e-01
9.3901e-01
8.0145e-01
8.3383e-01
3.9894e-01
1.0145e+00
8.5682e-01
9.6376e-01
7.4124e-01
6.0125e-01
7.5978e-01
7.5441e-01
8.8345e-01
7.2891e-01
9.9350e-01
9.3017e-01
8.8982e-01
9.7942e-01
9.9205e-01
9.9953e-01
8.7150e-01
1.0103e+00
8.2183e-01
1.0041e+00
9.5752e-01
9.5731e-01
9.8754e-01
7.6565e-01
9.2950e-01
7.8515e-01
8.6687e-01
1.0176e+00
9.4924e-01
9.3730e-01
7.7535e-01
8.8191e-01
4.5120e-01
9.7407e-01
8.3136e-01
9.7102e-01
8.6988e-01
9.8155e-01
6.9417e-01
9.0375e-01
8.0799e-01
7.8444e-01
9.2211e-01
9.8766e-01
8.5360e-01
4.9901e-01
8.3969e-01
1.0278e+00
5.4890e-01
8.2348e-01
7.5187e-01
4.6935e-01
9.6980e-01
9.5822e-01
1.0136e+00
8.7880e-01
8.9759e-01
8.7696e-01
3.6791e-01
9.7213e-01
1.0044e+00
9.5448e-01
8.2051e-01
8.0568e-01
1.0031e+00
8.6988e-01
1.0128e+00
1.0192e+00
8.0900e-01
6.3882e-01
4.9901e-01
9.6984e-01
8.0219e-01
1.0036e+00
4.4435e-01
9.9229e-01
8.2348e-01
8.0312e-01
8.6079e-01
7.1751e-01
8.7195e-01
9.0417e-01
9.7302e-01
9.2464e-01
9.7172e-01
9.0770e-01
8.0853e-01
9.7618e-01
1.0126e+00
9.7560e-01
9.4239e-01
8.7464e-01
8.0516e-01
9.0857e-01
1.0003e+00
7.9083e-01
9.6494e-01
8.0145e-01
6.9342e-01
8.5828e-01
9.6980e-01
8.9810e-01
3.2911e-01
9.3323e-01
7.2376e-02
7.5073e-01
8.5701e-01
9.8636e-01
1.0190e+00
8.6252e-01
7.8890e-01
7.5187e-01
8.8110e-01
6.9264e-01
9.6356e-01
8.1024e-01
8.7705e-01
8.2183e-01
9.8032e-01
6.8609e-01
7.1413e-01
5.4890e-01
9.9378e-01
8.0615e-01
7.3765e-01
8.2461e-01
7.4539e-01
6.9427e-01
7.0911e-01
9.7866e-01
1.0197e+00
8.5615e-01
1.0171e+00
8.2446e-01
1.0192e+00
8.2258e-01
7.1889e-01
9.2886e-01
5.5187e-01
8.2782e-01
9.4307e-01
8.8883e-01
8.2759e-01
9.6315e-01
9.9492e-01
8.7016e-01
1.0196e+00
1.0253e+00
7.7402e-01
6.2658e-01
8.8552e-01
7.1708e-01
4.1607e-01
9.9922e-01
8.0303e-01
5.6127e-01
4.1298e-01
6.5714e-01
9.4142e-01
2.9977e-01
7.5622e-01
1.0020e+00
1.0281e+00
8.5591e-01
9.6471e-01
8.3430e-01
8.5925e-01
1.0226e+00
6.4771e-01
9.2471e-01
1.0024e+00
8.8174e-01
7.5150e-01
8.5969e-01
6.3870e-01
1.0145e+00
9.1031e-01
8.8631e-01
7.7603e-01
5.0899e-01
8.3334e-01
9.7807e-01
7.4736e-01
1.0217e+00
9.5118e-01
8.1936e-01
8.4203e-01
7.0452e-01
7.4096e-01
9.6216e-01
7.5500e-01
4.2493e-01
3.6737e-01
8.0833e-01
9.3335e-01
1.0002e+00
9.5078e-01
8.1519e-01
9.2559e-01
4.6985e-01
9.1313e-01
9.7939e-01
6.6877e-01
9.2827e-01
8.1969e-01
7.6650e-01
1.0065e+00
8.1552e-01
8.1093e-01
8.1556e-01
1.0251e+00
9.1336e-01
1.0072e+00
1.0204e+00
1.0280e+00
9.9205e-01
9.2864e-01
9.3519e-01
5.7075e-01
6.6578e-01
9.9026e-01
9.6147e-01
9.9993e-01
9.8838e-01
8.4235e-01
5.6127e-01
7.9177e-01
9.7343e-01
8.9573e-01
9.9423e-01
9.8426e-01
1.0151e+00
9.3112e-01
7.5150e-01
9.7314e-01
9.7761e-01
7.8333e-01
1.0298e+00
6.2708e-01
8.7533e-01
8.5644e-01
8.3486e-01
8.7051e-01
9.8472e-01
8.5644e-01
6.9082e-01
9.7807e-01
6.5138e-02
5.5423e-01
1.0051e+00
7.8848e-01
1.0182e+00
8.7296e-01
9.1846e-01
9.9564e-01
6.0125e-01
8.8851e-01
9.9908e-01
7.9362e-01
9.8754e-01
8.7696e-01
1.0280e+00
8.0516e-01
9.1233e-01
9.3951e-01
7.6690e-01
8.8989e-01
8.0978e-01
7.2841e-01
9.2215e-01
9.6376e-01
1.0151e+00
8.9073e-01
3.4098e-01
7.8562e-01
9.2510e-01
8.6640e-01
1.0192e+00
8.8631e-01
8.8646e-01
9.6743e-01
8.6218e-01
9.5754e-01
9.6205e-01
8.5939e-01
9.0673e-01
4.2356e-01
9.0673e-01
8.6866e-01
9.2905e-01
9.0376e-01
1.0010e+00
9.7407e-01
9.5990e-01
8.4369e-01
8.9852e-01
9.7931e-01
9.7618e-01
1.0204e+00
9.1663e-01
8.9744e-01
9.2950e-01
9.0044e-01
8.7839e-01
8.2059e-01
8.2096e-01
8.3136e-01
9.2651e-01
9.9175e-01
8.9769e-01
1.0128e+00
8.2392e-01
9.7970e-01
8.6531e-01
9.8242e-01
9.8256e-01
6.8952e-01
6.7325e-01
9.8483e-01
7.4440e-01
9.7369e-01
9.9423e-01
1.0087e+00
7.5187e-01
9.3323e-01
9.3991e-01
8.7665e-01
7.9172e-01
7.8848e-01
1.0180e+00
9.8153e-01
4.4116e-02
9.6378e-01
7.1437e-01
8.4361e-01
9.5987e-01
6.9264e-01
8.4881e-01
1.0018e+00
8.0002e-01
6.1230e-01
9.2994e-01
1.0046e+00
7.8250e-01
9.6014e-01
9.2060e-01
8.6866e-01
6.9979e-01
9.9830e-01
1.0098e+00
9.1513e-01
1.0226e+00
8.7696e-01
7.2806e-01
8.7598e-01
1.0281e+00
9.2755e-01
1.0073e+00
9.8635e-01
4.1860e-01
7.8515e-01
1.0134e+00
9.7560e-01
7.1749e-01
7.0313e-01
3.2590e-01
9.0245e-01
9.8368e-01
9.6216e-01
9.0883e-01
7.1181e-01
9.6494e-01
8.4235e-01
9.8388e-01
8.3480e-01
8.7427e-01
9.7407e-01
8.2173e-01
9.4682e-01
5.7075e-01
9.3186e-01
8.2461e-01
4.4335e-02
9.8085e-01
7.8888e-01
8.7233e-01
7.6650e-01
8.7900e-01
9.2034e-01
6.6877e-01
9.2090e-01
1.1598e-01
1.0192e+00
4.0420e-01
8.6167e-01
1.0193e+00
9.1148e-01
1.0002e+00
6.4162e-01
9.6881e-01
6.4424e-01
7.5902e-01
8.8244e-01
9.4924e-01
9.8459e-01
8.6988e-01
8.8037e-01
2.4901e-01
1.0090e+00
9.5364e-01
5.7724e-01
7.3095e-01
9.7931e-01
9.8663e-01
1.0189e+00
1.0269e+00
2.3858e-01
9.6743e-01
8.1936e-01
7.2872e-01
9.7206e-01
4.0994e-01
9.9611e-01
1.0212e+00
7.5989e-01
8.8652e-01
1.0041e+00
4.7799e-01
9.9245e-01
9.5461e-01
7.9808e-01
8.9829e-01
8.9740e-01
8.5969e-01
9.5392e-01
8.7545e-01
8.7464e-01
8.9328e-01
8.9884e-01
9.0917e-01
9.3607e-01
9.9485e-01
9.8659e-01
9.6984e-01
8.0005e-01
8.8631e-01
7.9217e-01
1.0126e+00
8.6348e-01
1.0151e+00
9.5432e-01
1.1598e-01
9.7490e-01
9.7343e-01
7.4736e-01
9.8165e-01
8.8359e-01
4.1607e-01
8.9884e-01
9.5405e-01
1.0157e+00
9.7356e-01
1.0163e+00
8.9573e-01
7.8250e-01
9.0245e-01
7.0911e-01
9.9974e-01
7.6328e-01
1.0309e+00
4.2493e-01
9.8200e-01
8.2446e-01
8.5767e-01
1.0182e+00
9.9611e-01
9.3912e-01
9.5415e-01
7.4083e-01
7.3321e-01
9.4675e-01
4.5590e-01
8.9810e-01
1.9487e-01
9.2900e-01
8.4238e-01
7.6701e-01
8.5969e-01
7.9896e-01
8.9740e-01
9.7324e-01
1.0046e+00
5.5491e-01
1.0003e+00
9.4273e-01
7.5441e-01
7.4789e-01
7.8852e-01
1.0307e+00
9.7211e-01
6.8591e-01
7.7952e-01
1.0145e+00
9.6881e-01
8.0312e-01
8.2183e-01
7.4091e-01
7.6089e-01
1.0003e+00
9.8155e-01
1.0010e+00
1.0044e+00
8.9759e-01
9.9350e-01
7.5131e-01
8.6922e-01
9.8368e-01
7.9678e-01
9.6038e-01
9.9557e-01
6.4771e-01
9.5822e-01
4.6867e-01
9.5118e-01
1.0266e+00
5.0598e-01
7.8890e-01
8.1768e-01
9.3227e-01
8.5808e-01
7.7169e-01
9.3415e-01
8.0799e-01
6.8952e-01
9.3526e-01
9.4710e-01
1.0287e+00
7.3831e-01
9.7839e-01
9.4568e-01
5.2762e-01
9.0422e-01
9.9418e-01
3.4896e-01
9.7618e-01
9.0136e-01
7.5803e-01
7.2618e-01
9.0692e-01
4.2698e-01
9.4142e-01
9.3664e-01
8.3430e-01
5.6127e-01
7.2543e-01
9.5056e-01
9.1286e-01
9.5405e-01
9.2303e-01
6.9488e-01
9.9607e-01
1.1598e-01
9.5731e-01
9.1512e-01
8.7051e-01
8.8345e-01
9.2880e-01
4.6985e-01
8.7634e-01
5.3086e-01
9.8426e-01
7.6328e-01
4.8540e-01
9.4302e-01
9.0062e-01
8.6252e-01
9.3996e-01
5.5491e-01
9.3526e-01
9.3238e-01
9.8032e-01
9.2905e-01
8.1556e-01
9.6038e-01
1.0196e+00
1.0066e+00
9.4682e-01
5.2762e-01
9.9564e-01
9.4142e-01
7.3331e-01
3.0693e-01
8.7598e-01
5.4890e-01
6.1894e-01
9.1969e-01
9.8766e-01
9.5920e-01
9.7761e-01
9.9558e-01
9.7797e-01
8.5591e-01
9.9774e-01
9.8925e-01
8.4875e-01
9.8165e-01
8.7545e-01
8.0536e-01
9.9583e-01
9.9240e-01
5.8374e-01
9.7866e-01
9.9087e-01
9.6494e-01
8.9744e-01
1.4704e-02
1.0180e+00
8.9328e-01
8.9459e-01
7.0044e-01
9.9132e-01
9.1282e-01
2.3858e-01
9.6713e-01
9.8680e-01
8.6442e-01
1.0290e+00
9.3927e-01
4.9901e-01
1.0031e+00
7.8852e-01
7.2702e-01
8.1627e-01
1.0027e+00
3.6737e-01
9.7044e-01
9.5461e-01
8.1562e-01
6.9264e-01
7.9650e-01
9.2211e-01
9.7728e-01
7.5487e-01
9.6315e-01
8.6218e-01
7.6690e-01
9.3073e-01
4.4116e-02
9.5448e-01
1.0190e+00
9.4233e-01
6.9981e-01
9.4273e-01
8.1908e-01
9.6880e-01
1.0148e+00
1.0133e+00
9.5978e-01
8.8845e-01
9.6881e-01
6.9767e-01
1.0098e+00
8.0853e-01
9.2822e-01
1.0212e+00
8.4085e-01
9.0763e-01
9.5118e-01
8.3383e-01
9.5056e-01
5.4899e-01
8.5168e-01
9.3519e-01
9.9278e-01
9.7348e-01
8.9810e-01
1.0163e+00
7.1971e-01
1.0278e+00
8.0568e-01
9.7862e-01
9.5099e-01
9.5432e-01
6.4001e-01
8.2239e-01
5.8307e-01
8.2461e-01
8.8851e-01
9.0041e-01
9.6388e-01
1.0079e+00
9.4159e-01
9.8625e-01
1.0145e+00
9.1987e-01
9.5862e-01
1.0225e+00
8.3736e-01
8.2728e-01
5.2762e-01
7.4124e-01
8.3677e-01
8.3258e-01
4.6985e-01
8.0282e-01
6.4307e-01
7.5402e-01
9.1282e-01
1.0145e+00
8.1990e-01
9.6216e-01
9.8074e-01
9.5133e-01
8.2096e-01
7.9083e-01
8.1768e-01
8.2258e-01
9.5405e-01
1.0046e+00
8.3326e-01
9.0044e-01
8.8174e-01
1.0180e+00
9.0125e-01
9.5731e-01
8.0799e-01
4.6867e-01
1.0218e+00
9.1074e-01
9.2559e-01
8.9450e-01
9.6378e-01
3.2590e-01
9.9694e-01
8.9819e-01
8.6577e-01
6.4771e-01
7.6701e-01
5.9093e-01
8.5004e-01
1.0126e+00
8.8989e-01
5.7075e-01
7.5039e-01
7.2872e-01
9.7348e-01
8.7016e-01
1.0065e+00
9.8975e-01
9.3951e-01
1.0070e+00
8.8652e-01
9.8753e-01
4.2356e-01
1.0003e+00
8.0065e-01
9.9267e-01
8.1093e-01
9.9129e-01
8.0282e-01
1.0144e+00
3.6791e-01
9.8165e-01
6.0645e-01
8.1552e-01
8.5581e-01
8.2728e-01
1.0216e+00
9.7728e-01
7.7984e-01
7.7552e-01
9.5415e-01
9.3368e-01
9.7853e-01
7.4109e-01
8.2782e-01
9.7549e-01
9.8155e-01
1.0156e+00
1.0091e+00
3.2911e-01
9.8835e-01
1.0123e+00
8.4883e-01
9.0422e-01
9.9945e-01
2.3858e-01
8.8883e-01
8.6748e-01
1.0100e+00
9.3607e-01
9.8085e-01
1.0189e+00
8.0186e-01
8.1936e-01
5.8307e-01
9.7761e-01
7.9650e-01
8.6061e-01
7.5039e-01
8.0303e-01
4.9901e-01
9.9225e-01
1.0290e+00
7.9933e-01
9.9789e-01
7.9491e-01
9.5364e-01
9.4568e-01
9.2733e-01
1.0090e+00
8.8918e-01
7.0553e-01
8.3059e-01
9.2559e-01
7.4198e-01
9.0097e-01
9.8625e-01
7.5131e-01
1.9463e-01
9.9908e-01
9.5002e-01
1.8991e-01
9.1528e-01
7.8451e-01
7.4091e-01
9.7942e-01
6.1909e-01
1.0168e+00
1.0134e+00
7.1181e-01
9.9018e-01
8.7091e-01
9.8711e-01
9.5920e-01
1.0210e+00
9.5392e-01
8.4203e-01
4.5120e-01
7.1438e-01
9.2900e-01
9.3927e-01
1.0190e+00
3.9894e-01
9.2405e-01
9.2035e-01
9.2927e-01
8.4182e-01
9.6743e-01
9.4675e-01
1.0190e+00
1.0298e+00
9.2510e-01
8.9101e-01
7.2841e-01
8.8737e-01
8.4361e-01
6.6877e-01
9.9350e-01
9.8438e-01
4.8064e-01
5.0899e-01
1.0002e+00
9.6992e-01
1.0221e+00
6.2186e-01
5.3086e-01
9.0928e-01
1.0309e+00
9.1313e-01
8.8928e-01
9.5681e-01
8.9789e-01
7.6650e-01
5.5187e-01
9.3227e-01
8.2461e-01
7.4736e-01
8.1546e-01
1.0083e+00
8.7150e-01
9.3335e-01
9.4682e-01
7.1437e-01
1.0145e+00
7.1413e-01
7.0221e-01
1.0184e+00
5.1792e-01
9.3912e-01
8.3969e-01
6.0070e-01
8.7900e-01
8.2446e-01
7.1749e-01
8.6640e-01
4.6867e-01
6.7582e-01
8.0312e-01
6.7352e-01
1.0307e+00
8.5969e-01
8.0005e-01
7.7101e-01
9.9245e-01
1.0148e+00
4.2264e-01
1.0058e+00
9.9557e-01
8.8552e-01
9.0245e-01
7.1181e-01
7.9217e-01
1.0098e+00
9.8155e-01
8.8737e-01
9.2294e-01
5.5491e-01
9.0928e-01
3.2911e-01
6.0125e-01
4.1860e-01
9.6315e-01
1.0069e+00
8.7016e-01
9.2822e-01
4.5120e-01
8.7051e-01
8.6252e-01
9.7102e-01
1.0320e+00
9.7618e-01
8.3497e-01
9.6147e-01
9.5771e-01
8.1556e-01
8.5925e-01
9.6038e-01
9.9756e-01
5.9093e-01
9.6494e-01
7.6928e-01
9.2510e-01
6.1449e-01
7.7169e-01
9.6792e-01
9.7356e-01
3.6737e-01
1.0010e+00
9.1512e-01
9.6624e-01
9.3583e-01
9.2427e-01
9.8256e-01
1.0228e+00
4.3931e-01
8.4235e-01
5.0129e-01
7.3573e-01
9.6980e-01
7.5803e-01
7.9086e-01
1.0079e+00
1.5979e-01
4.6985e-01
9.5782e-01
9.2900e-01
9.2325e-01
1.1598e-01
8.8244e-01
9.6591e-01
5.4890e-01
9.8680e-01
1.0285e+00
9.8416e-01
8.4361e-01
8.1936e-01
9.9485e-01
9.8635e-01
8.3709e-01
9.7369e-01
1.0005e+00
9.7970e-01
1.0274e+00
8.7545e-01
8.9884e-01
1.0186e+00
9.5705e-01
7.1971e-01
1.0180e+00
1.0066e+00
5.9054e-01
9.6216e-01
9.8904e-01
8.2348e-01
8.4085e-01
5.2280e-01
7.6408e-01
4.3396e-01
8.9744e-01
1.0145e+00
9.1663e-01
8.7629e-01
9.9225e-01
1.0047e+00
9.4273e-01
9.8636e-01
8.4203e-01
7.4091e-01
9.1286e-01
6.1894e-01
7.3148e-01
8.2912e-01
2.3809e-02
8.8100e-01
8.5396e-01
9.5752e-01
1.0176e+00
7.9746e-01
6.3857e-01
8.1319e-01
8.5497e-01
9.2333e-01
7.6691e-01
9.8426e-01
8.0853e-01
9.4210e-01
9.7942e-01
1.0068e+00
9.7862e-01
9.5804e-01
9.4719e-01
9.0883e-01
9.3544e-01
7.1749e-01
9.8091e-01
9.2880e-01
9.2445e-01
7.3767e-01
4.8540e-01
7.9362e-01
9.0245e-01
1.0204e+00
1.0003e+00
9.7728e-01
8.5360e-01
9.7302e-01
9.9953e-01
7.7552e-01
1.0217e+00
8.7665e-01
1.0168e+00
8.6687e-01
1.0123e+00
9.6014e-01
9.2827e-01
9.1336e-01
7.6175e-01
8.8845e-01
7.3148e-01
1.0186e+00
9.2333e-01
1.5979e-01
1.7412e-01
9.0883e-01
9.5002e-01
9.6490e-01
8.0568e-01
9.9351e-01
9.4719e-01
1.0266e+00
9.5196e-01
8.5396e-01
7.8839e-01
7.0969e-01
9.8326e-01
9.8474e-01
7.7666e-01
8.8851e-01
7.8848e-01
9.0422e-01
9.4682e-01
6.3658e-01
8.5969e-01
9.9953e-01
1.0107e+00
8.9740e-01
9.1869e-01
9.7728e-01
6.9488e-01
9.8438e-01
8.7533e-01
9.3030e-01
9.5432e-01
9.2471e-01
9.6655e-01
6.8591e-01
7.2806e-01
8.7201e-01
8.6531e-01
9.5081e-01
9.6881e-01
9.5974e-01
9.4159e-01
1.0136e+00
9.7931e-01
1.0253e+00
9.7797e-01
8.3736e-01
5.5187e-01
9.7356e-01
9.7102e-01
9.8835e-01
9.6880e-01
8.8918e-01
1.0190e+00
6.9767e-01
9.7172e-01
9.2886e-01
9.6674e-01
9.6014e-01
9.1899e-01
1.0234e+00
9.8659e-01
9.8036e-01
9.8165e-01
1.0126e+00
8.9313e-01
8.8883e-01
9.7792e-01
8.0853e-01
8.0536e-01
8.1936e-01
7.2872e-01
9.8654e-01
8.4361e-01
8.3048e-01
9.7939e-01
6.9417e-01
4.3931e-01
8.3861e-01
1.0180e+00
9.2460e-01
9.9564e-01
7.4124e-01
9.9830e-01
1.0051e+00
8.7598e-01
9.0097e-01
9.2864e-01
9.7075e-01
9.6743e-01
6.4162e-01
9.7407e-01
8.4881e-01
1.0075e+00
9.1663e-01
7.8764e-01
1.0151e+00
8.6348e-01
9.9129e-01
8.4369e-01
8.0799e-01
8.5581e-01
9.7302e-01
5.7724e-01
9.4573e-01
9.9830e-01
7.6565e-01
8.0978e-01
9.0770e-01
7.4641e-01
1.0225e+00
9.1512e-01
9.2827e-01
9.5681e-01
1.0127e+00
1.0148e+00
1.0156e+00
9.3357e-01
9.9789e-01
9.0770e-01
9.0692e-01
8.5701e-01
9.3335e-01
9.3323e-01
9.7348e-01
1.0027e+00
6.3821e-01
8.0065e-01
8.2446e-01
9.4302e-01
9.8257e-01
9.5073e-01
7.9421e-01
8.9573e-01
7.3321e-01
8.9759e-01
1.0193e+00
7.9086e-01
9.2559e-01
1.0259e+00
9.8416e-01
1.0193e+00
7.9650e-01
8.7545e-01
9.2120e-01
8.6274e-01
8.3334e-01
1.0127e+00
9.4159e-01
4.5120e-01
8.7657e-01
7.1642e-02
9.9229e-01
9.4093e-01
9.7314e-01
8.1562e-01
7.8444e-01
7.7425e-01
8.2461e-01
5.5491e-01
8.9715e-01
9.6502e-01
9.6062e-01
8.8652e-01
9.9240e-01
1.0259e+00
9.4924e-01
8.6866e-01
8.8552e-01
9.3238e-01
1.0018e+00
8.1519e-01
7.1346e-01
9.3078e-01
1.0085e+00
9.8165e-01
8.2051e-01
9.2333e-01
8.7696e-01
7.6650e-01
5.4899e-01
8.1969e-01
4.9855e-01
9.5432e-01
8.2461e-01
9.7075e-01
8.7629e-01
4.4885e-01
6.4001e-01
6.9979e-01
8.2671e-01
9.9423e-01
8.5682e-01
3.2911e-01
8.8646e-01
9.0928e-01
8.0145e-01
1.0144e+00
7.8250e-01
8.2759e-01
1.0287e+00
9.2060e-01
6.9162e-01
9.7797e-01
8.3861e-01
9.8332e-01
8.8737e-01
9.8753e-01
9.9229e-01
1.0157e+00
5.2762e-01
7.4096e-01
8.7951e-01
9.8835e-01
9.7700e-01
9.8904e-01
9.6743e-01
8.8399e-01
8.7233e-01
9.0062e-01
3.9894e-01
9.2215e-01
9.3017e-01
9.9670e-01
6.6975e-01
1.0098e+00
7.9362e-01
9.2733e-01
8.6454e-01
7.5096e-01
9.8838e-01
1.0203e+00
8.9884e-01
8.9407e-01
7.9177e-01
7.4091e-01
8.8037e-01
9.8766e-01
5.6941e-01
7.4083e-01
9.5974e-01
1.0128e+00
8.9744e-01
9.5196e-01
8.3480e-01
7.8822e-01
9.0883e-01
3.1897e-01
9.4396e-01
1.0186e+00
8.5360e-01
9.3730e-01
9.2258e-01
5.5423e-01
8.9113e-01
9.9774e-01
8.9744e-01
9.9597e-01
8.8631e-01
8.7979e-01
9.4142e-01
9.3186e-01
7.9933e-01
8.5671e-01
9.9908e-01
1.0230e+00
8.1711e-01
8.2181e-01
1.0280e+00
9.7369e-01
8.1969e-01
7.8562e-01
9.9407e-01
7.0969e-01
1.0204e+00
9.8214e-01
1.0197e+00
9.7407e-01
9.7942e-01
9.3901e-01
9.2894e-01
6.8609e-01
8.4369e-01
8.0282e-01
5.3086e-01
8.9758e-01
9.7373e-01
9.3415e-01
9.6038e-01
7.2300e-01
5.6602e-01
8.9037e-01
8.9450e-01
1.0151e+00
9.9267e-01
7.5978e-01
9.5830e-01
5.2762e-01
7.0499e-01
3.7011e-01
4.6985e-01
8.9450e-01
7.3938e-01
9.8483e-01
8.3210e-01
9.4210e-01
9.7343e-01
7.5803e-01
9.5337e-01
8.0510e-01
9.3415e-01
8.8737e-01
4.4116e-02
1.0262e+00
9.0082e-01
9.7484e-01
8.1865e-01
8.9829e-01
9.2035e-01
1.0285e+00
8.4402e-01
6.1103e-01
9.8840e-01
9.6591e-01
9.7939e-01
1.0262e+00
8.6079e-01
8.2446e-01
9.9485e-01
8.6104e-01
9.7369e-01
8.8191e-01
8.6252e-01
8.9573e-01
7.3767e-01
2.9977e-01
9.5987e-01
9.0430e-01
8.1562e-01
9.1663e-01
7.9172e-01
8.2173e-01
8.1990e-01
9.3544e-01
5.0899e-01
9.4095e-01
9.5974e-01
1.0226e+00
7.4677e-01
9.8074e-01
9.4783e-01
6.0125e-01
9.0044e-01
9.9378e-01
8.0516e-01
9.2494e-01
7.7376e-01
7.0452e-01
9.0752e-01
8.9113e-01
8.4182e-01
7.9650e-01
9.6363e-01
6.5138e-02
1.0186e+00
9.9756e-01
5.7724e-01
9.9993e-01
8.0219e-01
8.7448e-01
3.7011e-01
9.0041e-01
7.4736e-01
7.6328e-01
1.0145e+00
1.0185e+00
9.7853e-01
8.4203e-01
8.1969e-01
9.5133e-01
5.1792e-01
8.1552e-01
6.2708e-01
9.6062e-01
7.8341e-01
9.5405e-01
1.0266e+00
9.6147e-01
9.4233e-01
9.7866e-01
1.0066e+00
1.0085e+00
7.9491e-01
1.0217e+00
8.6687e-01
1.0270e+00
4.0420e-01
8.4875e-01
1.0027e+00
7.1751e-01
1.0069e+00
9.7862e-01
7.8852e-01
9.6216e-01
9.9267e-01
9.1637e-01
9.6161e-01
5.9054e-01
7.8515e-01
9.6980e-01
7.8848e-01
8.8029e-01
7.5187e-01
9.7211e-01
7.5803e-01
4.1860e-01
1.0203e+00
9.8501e-01
9.3664e-01
1.0004e+00
6.9427e-01
1.0204e+00
4.7799e-01
6.5714e-01
8.9744e-01
8.1260e-01
6.6351e-01
9.5978e-01
8.0186e-01
8.8845e-01
5.9054e-01
8.1741e-01
1.0002e+00
8.0145e-01
1.0046e+00
9.1858e-01
1.0034e+00
8.8851e-01
1.0193e+00
9.9229e-01
9.8625e-01
9.2215e-01
9.3323e-01
6.6877e-01
9.9669e-01
9.7348e-01
8.2832e-01
8.8345e-01
5.7075e-01
8.7464e-01
8.3124e-01
3.9894e-01
9.4858e-01
8.6921e-01
9.1074e-01
9.9423e-01
7.7760e-01
9.1506e-01
8.8037e-01
8.9819e-01
1.0136e+00
1.0180e+00
1.0004e+00
4.9901e-01
9.7075e-01
9.9953e-01
6.3821e-01
4.6985e-01
9.4396e-01
1.0036e+00
7.3938e-01
6.5371e-01
4.4364e-01
9.4250e-01
8.7629e-01
8.9234e-01
8.7150e-01
8.7705e-01
1.0044e+00
8.1627e-01
7.1971e-01
6.3907e-01
5.0598e-01
9.8240e-01
9.7971e-01
4.4435e-01
8.3486e-01
9.5990e-01
4.9290e-01
7.1708e-01
6.9598e-01
9.3996e-01
9.0627e-01
8.7598e-01
7.0969e-01
9.7939e-01
9.7206e-01
1.0144e+00
9.1726e-01
8.8552e-01
8.3709e-01
9.7839e-01
7.2891e-01
9.8766e-01
7.5039e-01
9.0673e-01
9.1336e-01
9.6655e-01
8.1768e-01
9.8214e-01
6.3857e-01
8.2096e-01
7.3553e-01
9.4568e-01
6.4771e-01
9.1313e-01
9.5196e-01
1.0230e+00
9.0928e-01
